"dist_to_nearest_pags","postcode","postcode_start","postcode_end","long","lat","urban"
4358278,"BD230AA","BD23","0AA",0,99.999999,0
181.3453,"BD230AB","BD23","0AB",-2.025887,53.957715,1
4358278,"BD230AD","BD23","0AD",0,99.999999,0
181.3453,"BD230AE","BD23","0AE",-2.025887,53.957715,1
181.3453,"BD230AF","BD23","0AF",-2.025887,53.957715,1
181.3453,"BD230AG","BD23","0AG",-2.025887,53.957715,1
181.3453,"BD230AH","BD23","0AH",-2.025887,53.957715,1
182.4229,"BD230AJ","BD23","0AJ",-2.025891,53.957729,1
182.4229,"BD230AL","BD23","0AL",-2.025891,53.957729,1
182.4229,"BD230AN","BD23","0AN",-2.025891,53.957729,1
182.4229,"BD230AP","BD23","0AP",-2.025891,53.957729,1
38.54192,"BD231AA","BD23","1AA",-2.01551,53.962848,1
42.77255,"BD231AB","BD23","1AB",-2.015556,53.962741,1
73.02548,"BD231AD","BD23","1AD",-2.018914,53.963878,1
234.1796,"BD231AE","BD23","1AE",-2.010069,53.963847,1
270.4424,"BD231AF","BD23","1AF",-2.011014,53.963936,1
54.74066,"BD231AG","BD23","1AG",-2.015937,53.963621,1
62.59988,"BD231AH","BD23","1AH",-2.015758,53.962395,1
42.77255,"BD231AJ","BD23","1AJ",-2.015556,53.962741,1
31.09755,"BD231AL","BD23","1AL",-2.015499,53.963474,1
87.32633,"BD231AN","BD23","1AN",-2.016058,53.960664,1
174.7098,"BD231AP","BD23","1AP",-2.012878,53.963429,1
181.3453,"BD231AQ","BD23","1AQ",-2.025887,53.957715,1
155.3428,"BD231AR","BD23","1AR",-2.013682,53.96408,0
260.887,"BD231AS","BD23","1AS",-2.010664,53.963838,1
104.6794,"BD231AT","BD23","1AT",-2.008865,53.964772,1
112.0521,"BD231AU","BD23","1AU",-2.008423,53.964548,1
29.5549,"BD231AW","BD23","1AW",-2.015495,53.96346,1
221.4093,"BD231AX","BD23","1AX",-2.007798,53.963505,1
176.1174,"BD231AY","BD23","1AY",-2.006228,53.964108,1
107.8345,"BD231AZ","BD23","1AZ",-2.007326,53.964575,1
177.1409,"BD231BA","BD23","1BA",-2.004247,53.964881,1
244.7076,"BD231BB","BD23","1BB",-2.002906,53.965303,1
210.4058,"BD231BD","BD23","1BD",-2.003561,53.96631,1
185.4516,"BD231BE","BD23","1BE",-2.003759,53.965734,1
54.66952,"BD231BG","BD23","1BG",-2.006625,53.965186,1
103.7167,"BD231BH","BD23","1BH",-2.007143,53.966552,1
84.38024,"BD231BJ","BD23","1BJ",-2.005421,53.965995,1
30.62454,"BD231BL","BD23","1BL",-2.006381,53.965923,1
133.6907,"BD231BN","BD23","1BN",-2.004659,53.966067,1
253.3465,"BD231BP","BD23","1BP",-2.003409,53.966975,1
39.28272,"BD231BQ","BD23","1BQ",-2.008286,53.965734,1
130.0149,"BD231BS","BD23","1BS",-2.005192,53.966507,1
173.4327,"BD231BT","BD23","1BT",-2.005055,53.966948,1
280.8325,"BD231BU","BD23","1BU",-2.003287,53.967289,1
256.1495,"BD231BW","BD23","1BW",-2.003119,53.966741,1
135.9637,"BD231BX","BD23","1BX",-2.007281,53.966831,1
298.6795,"BD231BY","BD23","1BY",-2.002235,53.96648,1
177.9289,"BD231BZ","BD23","1BZ",-2.009109,53.96408,1
117.1706,"BD231DA","BD23","1DA",-2.017022,53.960229,1
116.6341,"BD231DB","BD23","1DB",-2.017018,53.960215,1
101.203,"BD231DD","BD23","1DD",-2.015037,53.960934,1
108.2535,"BD231DE","BD23","1DE",-2.016729,53.960484,1
155.1382,"BD231DF","BD23","1DF",-2.022444,53.960573,1
135.2518,"BD231DG","BD23","1DG",-2.015967,53.961177,1
181.3453,"BD231DH","BD23","1DH",-2.025887,53.957715,1
174.1104,"BD231DJ","BD23","1DJ",-2.016729,53.961383,1
29.55531,"BD231DL","BD23","1DL",-2.025218,53.961121,1
181.3453,"BD231DN","BD23","1DN",-2.025887,53.957715,1
47.98044,"BD231DP","BD23","1DP",-2.02598,53.960968,0
63.04635,"BD231DQ","BD23","1DQ",-2.025618,53.960488,1
176.487,"BD231DR","BD23","1DR",-2.022215,53.960304,1
105.6378,"BD231DS","BD23","1DS",-2.01647,53.960664,1
107.5128,"BD231DT","BD23","1DT",-2.016261,53.961946,1
119.3544,"BD231DU","BD23","1DU",-2.015891,53.961752,1
116.0739,"BD231DW","BD23","1DW",-2.016546,53.960754,1
71.87983,"BD231DX","BD23","1DX",-2.014855,53.962273,1
109.4858,"BD231DY","BD23","1DY",-2.015677,53.961545,1
127.2561,"BD231DZ","BD23","1DZ",-2.015895,53.961424,1
88.7564,"BD231EA","BD23","1EA",-2.015205,53.961383,1
88.7564,"BD231EB","BD23","1EB",-2.015205,53.961383,1
29.0667,"BD231ED","BD23","1ED",-2.014493,53.961901,1
89.48767,"BD231EE","BD23","1EE",-2.015373,53.962066,1
105.6378,"BD231EF","BD23","1EF",-2.01647,53.960664,1
15.65328,"BD231EG","BD23","1EG",-2.01391,53.961716,1
67.96741,"BD231EH","BD23","1EH",-2.014763,53.961365,1
63.58572,"BD231EJ","BD23","1EJ",-2.014367,53.961276,1
26.7407,"BD231EL","BD23","1EL",-2.013879,53.961608,1
146.3483,"BD231EN","BD23","1EN",-2.031149,53.959112,1
64.9917,"BD231EP","BD23","1EP",-2.013955,53.96124,1
140.1885,"BD231EQ","BD23","1EQ",-2.009978,53.965392,1
134.0929,"BD231ER","BD23","1ER",-2.012325,53.962453,1
417.6759,"BD231ES","BD23","1ES",-2.007539,53.961744,1
137.6984,"BD231ET","BD23","1ET",-2.012115,53.961362,1
110.3034,"BD231EU","BD23","1EU",-2.021408,53.96167,1
47.14609,"BD231EW","BD23","1EW",-2.013955,53.961402,1
290.1024,"BD231EX","BD23","1EX",-2.009657,53.962076,1
218.3521,"BD231EY","BD23","1EY",-2.010739,53.961698,1
195.76,"BD231EZ","BD23","1EZ",-2.01109,53.961662,1
105.1512,"BD231FA","BD23","1FA",-2.015753,53.960934,1
87.32633,"BD231FB","BD23","1FB",-2.016058,53.960664,1
58.07055,"BD231FD","BD23","1FD",-2.015926,53.962404,1
234.5435,"BD231FE","BD23","1FE",-2.030197,53.969708,0
136.0934,"BD231FF","BD23","1FF",-2.029221,53.969025,0
190.3115,"BD231FG","BD23","1FG",-2.028307,53.969682,0
220.8839,"BD231FH","BD23","1FH",-2.02814,53.970311,0
137.7596,"BD231FJ","BD23","1FJ",-2.022951,53.960174,1
136.5426,"BD231FL","BD23","1FL",-2.023815,53.959692,1
138.7523,"BD231FN","BD23","1FN",-2.022947,53.96016,1
267.7329,"BD231FP","BD23","1FP",-2.011491,53.96369,1
76.15463,"BD231FQ","BD23","1FQ",-2.035493,53.959308,1
180.9499,"BD231FR","BD23","1FR",-2.022139,53.960313,1
70.6867,"BD231FS","BD23","1FS",-2.015301,53.962512,1
172.6929,"BD231FT","BD23","1FT",-2.022291,53.960277,1
381.6474,"BD231HA","BD23","1HA",-2.00824,53.961699,1
387.508,"BD231HB","BD23","1HB",-2.007645,53.962013,1
371.1103,"BD231HD","BD23","1HD",-2.007463,53.962166,1
367.3397,"BD231HE","BD23","1HE",-2.006746,53.962256,1
455.9422,"BD231HF","BD23","1HF",-2.006411,53.961483,1
362.8226,"BD231HG","BD23","1HG",-2.004369,53.962688,1
312.6368,"BD231HH","BD23","1HH",-2.005649,53.962921,1
302.3471,"BD231HJ","BD23","1HJ",-2.004003,53.963425,1
230.9319,"BD231HL","BD23","1HL",-2.005649,53.963676,1
305.531,"BD231HN","BD23","1HN",-2.008168,53.962755,1
200.5444,"BD231HP","BD23","1HP",-2.011349,53.962651,1
375.7171,"BD231HQ","BD23","1HQ",-2.005466,53.962364,1
367.3426,"BD231HR","BD23","1HR",-2.007737,53.962193,1
256.0546,"BD231HS","BD23","1HS",-2.010221,53.962238,1
181.3453,"BD231HT","BD23","1HT",-2.025887,53.957715,1
117.6325,"BD231HU","BD23","1HU",-2.012603,53.961209,1
299.0067,"BD231HW","BD23","1HW",-2.010008,53.963128,1
165.5166,"BD231HX","BD23","1HX",-2.017476,53.960754,1
171.8305,"BD231HY","BD23","1HY",-2.017765,53.960502,1
111.0787,"BD231HZ","BD23","1HZ",-2.018252,53.959585,1
144.7086,"BD231JA","BD23","1JA",-2.017171,53.960691,1
144.7086,"BD231JB","BD23","1JB",-2.017171,53.960691,1
214.8849,"BD231JD","BD23","1JD",-2.01903,53.960933,1
228.6964,"BD231JE","BD23","1JE",-2.018405,53.960934,1
195.0873,"BD231JF","BD23","1JF",-2.017857,53.960898,1
156.3612,"BD231JG","BD23","1JG",-2.017003,53.960997,1
185.2109,"BD231JH","BD23","1JH",-2.017278,53.961203,1
164.1209,"BD231JJ","BD23","1JJ",-2.016962,53.961119,1
144.7086,"BD231JL","BD23","1JL",-2.017171,53.960691,1
206.2164,"BD231JN","BD23","1JN",-2.018116,53.961464,1
160.2589,"BD231JP","BD23","1JP",-2.017125,53.96159,1
224.8465,"BD231JQ","BD23","1JQ",-2.018055,53.961212,1
124.3816,"BD231JR","BD23","1JR",-2.016973,53.961904,1
134.91,"BD231JS","BD23","1JS",-2.017827,53.96221,1
142.3067,"BD231JT","BD23","1JT",-2.017613,53.961967,1
181.3453,"BD231JU","BD23","1JU",-2.025887,53.957715,1
169.737,"BD231JW","BD23","1JW",-2.017445,53.96159,1
107.1316,"BD231JX","BD23","1JX",-2.017034,53.962102,1
93.22095,"BD231JY","BD23","1JY",-2.017248,53.962381,1
56.92137,"BD231JZ","BD23","1JZ",-2.017004,53.962758,1
152.1912,"BD231LA","BD23","1LA",-2.018254,53.962282,1
183.2604,"BD231LB","BD23","1LB",-2.018364,53.961712,1
198.9109,"BD231LD","BD23","1LD",-2.018619,53.961302,1
138.3722,"BD231LE","BD23","1LE",-2.019914,53.961437,1
234.0511,"BD231LF","BD23","1LF",-2.018939,53.960628,1
224.2591,"BD231LG","BD23","1LG",-2.018481,53.960727,1
190.8527,"BD231LH","BD23","1LH",-2.019537,53.961019,1
47.3517,"BD231LJ","BD23","1LJ",-2.019778,53.96318,1
302.5501,"BD231LL","BD23","1LL",-2.023789,53.96708,1
162.3811,"BD231LN","BD23","1LN",-2.023331,53.965409,1
190.9689,"BD231LP","BD23","1LP",-2.02391,53.96522,1
140.1157,"BD231LQ","BD23","1LQ",-2.019671,53.961491,1
259.5419,"BD231LR","BD23","1LR",-2.023987,53.966379,1
153.3067,"BD231LS","BD23","1LS",-2.026076,53.96734,1
179.5939,"BD231LT","BD23","1LT",-2.025634,53.968608,1
100.8637,"BD231LU","BD23","1LU",-2.02783,53.968859,1
221.4685,"BD231LW","BD23","1LW",-2.026504,53.970046,1
107.4828,"BD231LX","BD23","1LX",-2.026823,53.968536,1
190.9845,"BD231LY","BD23","1LY",-2.026868,53.966432,1
167.7039,"BD231LZ","BD23","1LZ",-2.029047,53.966558,1
212.6694,"BD231NA","BD23","1NA",-2.027782,53.966073,1
263.2817,"BD231NB","BD23","1NB",-2.025099,53.964959,1
242.1603,"BD231ND","BD23","1ND",-2.025968,53.966217,1
330.1583,"BD231NE","BD23","1NE",-2.026211,53.965057,1
179.9386,"BD231NF","BD23","1NF",-2.030054,53.9668,1
300.4781,"BD231NG","BD23","1NG",-2.032507,53.965667,1
203.0072,"BD231NH","BD23","1NH",-2.031091,53.967375,1
38.74741,"BD231NJ","BD23","1NJ",-2.01705,53.963253,1
125.1353,"BD231NL","BD23","1NL",-2.017557,53.964094,1
107.6352,"BD231NN","BD23","1NN",-2.017492,53.963927,1
86.30573,"BD231NP","BD23","1NP",-2.018635,53.963765,1
240.4133,"BD231NQ","BD23","1NQ",-2.025265,53.963467,1
62.11943,"BD231NR","BD23","1NR",-2.019016,53.963432,1
40.80455,"BD231NS","BD23","1NS",-2.019321,53.963693,1
22.43771,"BD231NT","BD23","1NT",-2.019733,53.963809,1
47.3517,"BD231NU","BD23","1NU",-2.019778,53.96318,1
299.3254,"BD231NW","BD23","1NW",-2.025328,53.965795,1
39.90628,"BD231NX","BD23","1NX",-2.019641,53.963279,1
147.5182,"BD231NY","BD23","1NY",-2.018833,53.961877,1
41.55189,"BD231PA","BD23","1PA",-2.020041,53.96323,1
116.5243,"BD231PB","BD23","1PB",-2.018604,53.962893,1
116.5243,"BD231PD","BD23","1PD",-2.018604,53.962893,1
114.1307,"BD231PE","BD23","1PE",-2.019001,53.962632,1
39.38544,"BD231PF","BD23","1PF",-2.020144,53.962614,1
32.84382,"BD231PG","BD23","1PG",-2.024578,53.96051,1
157.4146,"BD231PH","BD23","1PH",-2.018345,53.962273,1
177.9573,"BD231PJ","BD23","1PJ",-2.023832,53.962559,1
123.8607,"BD231PL","BD23","1PL",-2.022571,53.96332,1
124.3598,"BD231PN","BD23","1PN",-2.02246,53.962101,1
116.6621,"BD231PP","BD23","1PP",-2.023588,53.961553,1
149.4736,"BD231PQ","BD23","1PQ",-2.018482,53.96239,1
59.54683,"BD231PR","BD23","1PR",-2.024014,53.961058,1
36.73627,"BD231PS","BD23","1PS",-2.025431,53.960986,1
103.9153,"BD231PT","BD23","1PT",-2.024258,53.961867,1
161.5151,"BD231PU","BD23","1PU",-2.023725,53.962299,1
80.37503,"BD231PW","BD23","1PW",-2.02121,53.961913,1
185.6185,"BD231PX","BD23","1PX",-2.023969,53.962703,1
221.6982,"BD231PY","BD23","1PY",-2.024351,53.963179,1
127.0269,"BD231PZ","BD23","1PZ",-2.022993,53.961211,1
146.1088,"BD231QA","BD23","1QA",-2.024792,53.96255,1
81.83192,"BD231QB","BD23","1QB",-2.024883,53.961939,1
63.20066,"BD231QD","BD23","1QD",-2.024578,53.961391,1
28.37975,"BD231QE","BD23","1QE",-2.025725,53.96154,1
130.8215,"BD231QF","BD23","1QF",-2.021651,53.959261,1
238.9413,"BD231QG","BD23","1QG",-2.024321,53.963791,1
109.0937,"BD231QH","BD23","1QH",-2.025661,53.962289,1
210.9253,"BD231QJ","BD23","1QJ",-2.025997,53.963188,1
182.8007,"BD231QL","BD23","1QL",-2.027338,53.963808,1
173.0825,"BD231QN","BD23","1QN",-2.027003,53.962936,1
243.0189,"BD231QP","BD23","1QP",-2.026104,53.963539,1
83.29402,"BD231QQ","BD23","1QQ",-2.025173,53.962029,1
109.3373,"BD231QR","BD23","1QR",-2.028024,53.962648,1
161.6639,"BD231QS","BD23","1QS",-2.027398,53.96228,1
131.9682,"BD231QT","BD23","1QT",-2.026347,53.962397,1
192.5148,"BD231QU","BD23","1QU",-2.029153,53.964589,1
261.7468,"BD231QW","BD23","1QW",-2.030144,53.965218,1
181.3453,"BD231QX","BD23","1QX",-2.025887,53.957715,1
161.0009,"BD231QY","BD23","1QY",-2.020005,53.959945,1
168.8923,"BD231QZ","BD23","1QZ",-2.01775,53.960439,1
96.33105,"BD231RB","BD23","1RB",-2.01929,53.962443,1
191.4322,"BD231RD","BD23","1RD",-2.018424,53.960346,1
111.0787,"BD231RE","BD23","1RE",-2.018252,53.959585,1
184.6976,"BD231RF","BD23","1RF",-2.022825,53.959585,1
184.6976,"BD231RG","BD23","1RG",-2.022825,53.959585,1
81.65145,"BD231RH","BD23","1RH",-2.013258,53.961263,1
195.6784,"BD231RJ","BD23","1RJ",-2.02092,53.960825,1
219.2647,"BD231RL","BD23","1RL",-2.021453,53.960592,1
212.9722,"BD231RN","BD23","1RN",-2.021427,53.960255,1
195.8008,"BD231RP","BD23","1RP",-2.021316,53.960115,1
181.3453,"BD231RQ","BD23","1RQ",-2.025887,53.957715,1
225.2068,"BD231RR","BD23","1RR",-2.020345,53.96057,1
135.8422,"BD231RS","BD23","1RS",-2.024349,53.959584,1
129.9936,"BD231RT","BD23","1RT",-2.026044,53.959382,1
136.7641,"BD231RU","BD23","1RU",-2.02476,53.959548,1
143.0678,"BD231RW","BD23","1RW",-2.0213,53.959585,1
76.91934,"BD231RX","BD23","1RX",-2.029789,53.958693,1
63.69654,"BD231RY","BD23","1RY",-2.013193,53.961572,1
29.15606,"BD231RZ","BD23","1RZ",-2.027394,53.955989,1
141.7899,"BD231SA","BD23","1SA",-2.030446,53.96138,0
117.0448,"BD231SB","BD23","1SB",-2.031967,53.957785,1
147.1672,"BD231SE","BD23","1SE",-2.031694,53.958962,1
144.1835,"BD231SF","BD23","1SF",-2.031694,53.958747,1
135.7632,"BD231SG","BD23","1SG",-2.031694,53.958531,1
26.43218,"BD231SH","BD23","1SH",-2.033492,53.958683,1
124.3744,"BD231SJ","BD23","1SJ",-2.032044,53.958944,1
93.16071,"BD231SL","BD23","1SL",-2.032532,53.95845,1
60.33679,"BD231SN","BD23","1SN",-2.033024,53.958868,1
58.349,"BD231SP","BD23","1SP",-2.033279,53.95907,1
178.9618,"BD231SQ","BD23","1SQ",-2.038554,53.956764,1
22.26867,"BD231SR","BD23","1SR",-2.033858,53.95889,1
97.77997,"BD231SS","BD23","1SS",-2.032638,53.958216,1
33.34579,"BD231ST","BD23","1ST",-2.034391,53.95862,1
52.49692,"BD231SU","BD23","1SU",-2.034696,53.958656,1
71.31891,"BD231SW","BD23","1SW",-2.033674,53.958063,1
93.21506,"BD231SX","BD23","1SX",-2.03531,53.958589,1
210.566,"BD231SY","BD23","1SY",-2.03779,53.958925,1
197.9356,"BD231SZ","BD23","1SZ",-2.037864,53.957019,1
158.6056,"BD231TA","BD23","1TA",-2.036327,53.958503,1
87.33717,"BD231TB","BD23","1TB",-2.031514,53.95762,1
139.2337,"BD231TD","BD23","1TD",-2.03593,53.958323,1
194.4197,"BD231TE","BD23","1TE",-2.037545,53.957685,1
161.4983,"BD231TF","BD23","1TF",-2.036559,53.958688,1
237.4859,"BD231TG","BD23","1TG",-2.037106,53.956872,1
141.1725,"BD231TH","BD23","1TH",-2.038613,53.95852,1
78.16026,"BD231TJ","BD23","1TJ",-2.039343,53.957711,1
143.7152,"BD231TL","BD23","1TL",-2.038979,53.958834,1
68.26274,"BD231TN","BD23","1TN",-2.039923,53.958412,1
28.44745,"BD231TP","BD23","1TP",-2.040426,53.958151,1
195.0603,"BD231TQ","BD23","1TQ",-2.038062,53.956884,1
131.509,"BD231TR","BD23","1TR",-2.03881,53.957253,1
199.6233,"BD231TS","BD23","1TS",-2.036402,53.957667,1
123.7849,"BD231TT","BD23","1TT",-2.035259,53.957919,1
96.59917,"BD231TU","BD23","1TU",-2.034573,53.957919,1
135.9756,"BD231TW","BD23","1TW",-2.035244,53.957559,1
243.0722,"BD231TX","BD23","1TX",-2.037087,53.956399,1
319.4113,"BD231TY","BD23","1TY",-2.032416,53.966566,1
248.3287,"BD231TZ","BD23","1TZ",-2.030541,53.966234,1
278.5881,"BD231UA","BD23","1UA",-2.011873,53.966305,0
274.1351,"BD231UB","BD23","1UB",-2.037598,53.965216,0
359.9707,"BD231UD","BD23","1UD",-2.040171,53.962492,0
466.8815,"BD231UE","BD23","1UE",-2.041043,53.965449,0
197.4499,"BD231UF","BD23","1UF",-2.03214,53.964193,1
126.8449,"BD231UG","BD23","1UG",-2.02964,53.964023,1
173.568,"BD231UH","BD23","1UH",-2.017553,53.964592,1
203.864,"BD231UJ","BD23","1UJ",-2.01388,53.964754,0
287.4757,"BD231UL","BD23","1UL",-2.013641,53.965532,0
159.777,"BD231UN","BD23","1UN",-2.031789,53.963573,1
106.4957,"BD231UP","BD23","1UP",-2.034607,53.956226,1
149.6225,"BD231UQ","BD23","1UQ",-2.036909,53.962745,0
155.2046,"BD231UR","BD23","1UR",-2.018664,53.9599,1
122.9546,"BD231US","BD23","1US",-2.036742,53.963392,0
169.0344,"BD231UT","BD23","1UT",-2.022581,53.959989,1
224.2442,"BD231UW","BD23","1UW",-2.030936,53.964751,1
443.6997,"BD231UX","BD23","1UX",-2.04147,53.962443,0
276.1977,"BD231UY","BD23","1UY",-2.032415,53.965371,1
232.9191,"BD231UZ","BD23","1UZ",-2.032247,53.964768,1
232.9191,"BD231WA","BD23","1WA",-2.032247,53.964768,1
181.3453,"BD231WS","BD23","1WS",-2.025887,53.957715,1
181.3453,"BD231WT","BD23","1WT",-2.025887,53.957715,1
181.3453,"BD231WU","BD23","1WU",-2.025887,53.957715,1
232.9191,"BD231WW","BD23","1WW",-2.032247,53.964768,1
181.3453,"BD231WX","BD23","1WX",-2.025887,53.957715,1
181.3453,"BD231WY","BD23","1WY",-2.025887,53.957715,1
232.9191,"BD231WZ","BD23","1WZ",-2.032247,53.964768,1
204.2695,"BD231XB","BD23","1XB",-2.020783,53.960295,1
181.3453,"BD231XL","BD23","1XL",-2.025887,53.957715,1
181.3453,"BD231XN","BD23","1XN",-2.025887,53.957715,1
181.3453,"BD231XP","BD23","1XP",-2.025887,53.957715,1
181.3453,"BD231XQ","BD23","1XQ",-2.025887,53.957715,1
181.3453,"BD231XR","BD23","1XR",-2.025887,53.957715,1
181.3453,"BD231XS","BD23","1XS",-2.025887,53.957715,1
181.3453,"BD231XT","BD23","1XT",-2.025887,53.957715,1
181.3453,"BD231XU","BD23","1XU",-2.025887,53.957715,1
181.3453,"BD231XW","BD23","1XW",-2.025887,53.957715,1
181.3453,"BD231XX","BD23","1XX",-2.025887,53.957715,1
181.3453,"BD231XZ","BD23","1XZ",-2.025887,53.957715,1
149.6225,"BD231YD","BD23","1YD",-2.036909,53.962745,0
181.3453,"BD231YE","BD23","1YE",-2.025887,53.957715,1
17.65918,"BD231YF","BD23","1YF",-2.020875,53.962443,1
181.3453,"BD231YG","BD23","1YG",-2.025887,53.957715,1
17.65918,"BD231YH","BD23","1YH",-2.020875,53.962443,1
17.65918,"BD231YJ","BD23","1YJ",-2.020875,53.962443,1
18.15722,"BD231YL","BD23","1YL",-2.02089,53.962443,1
17.65918,"BD231YN","BD23","1YN",-2.020875,53.962443,1
18.15722,"BD231YP","BD23","1YP",-2.02089,53.962443,1
181.3453,"BD231YQ","BD23","1YQ",-2.025887,53.957715,1
18.15722,"BD231YR","BD23","1YR",-2.02089,53.962443,1
181.3453,"BD231YS","BD23","1YS",-2.025887,53.957715,1
181.3453,"BD231YT","BD23","1YT",-2.025887,53.957715,1
181.3453,"BD231YU","BD23","1YU",-2.025887,53.957715,1
18.15722,"BD231YW","BD23","1YW",-2.02089,53.962443,1
17.65918,"BD231YX","BD23","1YX",-2.020875,53.962443,1
199.3608,"BD231YY","BD23","1YY",-2.015206,53.964978,0
149.6225,"BD231YZ","BD23","1YZ",-2.036909,53.962745,0
145.4747,"BD232AA","BD23","2AA",-2.0265,53.957567,1
73.62123,"BD232AB","BD23","2AB",-2.021106,53.958826,1
81.01341,"BD232AD","BD23","2AD",-2.021361,53.958434,1
20.23304,"BD232AE","BD23","2AE",-2.019948,53.958647,1
57.86082,"BD232AF","BD23","2AF",-2.01941,53.958803,1
138.209,"BD232AG","BD23","2AG",-2.021482,53.957545,1
44.214,"BD232AH","BD23","2AH",-2.019456,53.958543,1
43.77092,"BD232AJ","BD23","2AJ",-2.020557,53.958197,1
251.3605,"BD232AL","BD23","2AL",-2.022823,53.956888,1
110.2227,"BD232AN","BD23","2AN",-2.0213,53.957787,1
95.93134,"BD232AP","BD23","2AP",-2.020416,53.957653,1
56.69005,"BD232AQ","BD23","2AQ",-2.020248,53.957994,1
77.52423,"BD232AR","BD23","2AR",-2.019638,53.957446,1
123.4026,"BD232AS","BD23","2AS",-2.019821,53.957006,1
188.8784,"BD232AT","BD23","2AT",-2.019912,53.956341,1
264.6729,"BD232AU","BD23","2AU",-2.021603,53.955397,1
93.33252,"BD232AW","BD23","2AW",-2.021483,53.958237,1
239.3049,"BD232AX","BD23","2AX",-2.021207,53.955208,1
238.0797,"BD232AY","BD23","2AY",-2.02334,53.955702,1
32.14319,"BD232AZ","BD23","2AZ",-2.026682,53.955733,1
240.0935,"BD232BA","BD23","2BA",-2.02328,53.956016,1
287.3811,"BD232BB","BD23","2BB",-2.022822,53.955091,1
282.2562,"BD232BD","BD23","2BD",-2.022716,53.955486,1
289.1977,"BD232BE","BD23","2BE",-2.022993,53.953658,1
271.8962,"BD232BG","BD23","2BG",-2.023477,53.954632,1
200.0326,"BD232BH","BD23","2BH",-2.023918,53.952925,1
148.8571,"BD232BJ","BD23","2BJ",-2.024131,53.951972,1
239.2228,"BD232BL","BD23","2BL",-2.023312,53.952966,1
183.6225,"BD232BN","BD23","2BN",-2.022607,53.952152,1
268.745,"BD232BP","BD23","2BP",-2.022714,53.952943,1
308.0545,"BD232BQ","BD23","2BQ",-2.022472,53.955118,1
188.2327,"BD232BS","BD23","2BS",-2.021845,53.952314,1
135.0127,"BD232BT","BD23","2BT",-2.022988,53.951478,1
111.745,"BD232BU","BD23","2BU",-2.020473,53.951433,1
98.49594,"BD232BX","BD23","2BX",-2.021662,53.951514,1
159.0136,"BD232BY","BD23","2BY",-2.020839,53.952008,1
241.783,"BD232BZ","BD23","2BZ",-2.021787,53.956556,1
286.1517,"BD232DA","BD23","2DA",-2.020901,53.953698,1
317.9087,"BD232DB","BD23","2DB",-2.021633,53.953491,1
800.3016,"BD232DD","BD23","2DD",-2.015202,53.942379,1
89.34482,"BD232DE","BD23","2DE",-2.02653,53.956938,1
156.1374,"BD232DF","BD23","2DF",-2.014929,53.95671,1
181.3453,"BD232DG","BD23","2DG",-2.025887,53.957715,1
120.5937,"BD232DH","BD23","2DH",-2.015295,53.958831,1
146.1547,"BD232DJ","BD23","2DJ",-2.015112,53.958516,1
81.64437,"BD232DL","BD23","2DL",-2.016393,53.959253,1
98.6086,"BD232DN","BD23","2DN",-2.015677,53.959181,1
97.94242,"BD232DP","BD23","2DP",-2.015463,53.959154,1
137.3396,"BD232DQ","BD23","2DQ",-2.016907,53.948279,1
97.09015,"BD232DR","BD23","2DR",-2.014427,53.958912,1
120.7784,"BD232DS","BD23","2DS",-2.013771,53.958768,1
153.0391,"BD232DT","BD23","2DT",-2.013116,53.958642,1
184.7611,"BD232DU","BD23","2DU",-2.01499,53.957806,1
33.16325,"BD232DW","BD23","2DW",-2.017048,53.95901,1
184.7886,"BD232DX","BD23","2DX",-2.014594,53.957555,1
165.9649,"BD232DY","BD23","2DY",-2.014304,53.957483,1
127.5196,"BD232DZ","BD23","2DZ",-2.018394,53.959707,1
141.4545,"BD232EA","BD23","2EA",-2.01374,53.957456,1
110.4626,"BD232EB","BD23","2EB",-2.014319,53.956054,1
111.6092,"BD232ED","BD23","2ED",-2.014319,53.95635,1
84.42182,"BD232EE","BD23","2EE",-2.013847,53.956593,1
70.4527,"BD232EF","BD23","2EF",-2.019913,53.957878,1
101.3425,"BD232EH","BD23","2EH",-2.013024,53.957249,1
128.7641,"BD232EJ","BD23","2EJ",-2.013375,53.957438,1
114.9403,"BD232EL","BD23","2EL",-2.012221,53.957992,1
166.6267,"BD232EN","BD23","2EN",-2.012815,53.958621,1
123.6209,"BD232EP","BD23","2EP",-2.012099,53.958189,1
82.59608,"BD232EQ","BD23","2EQ",-2.013451,53.956926,1
125.1838,"BD232ER","BD23","2ER",-2.011638,53.958391,1
153.7625,"BD232ES","BD23","2ES",-2.012221,53.959295,1
109.1411,"BD232ET","BD23","2ET",-2.013253,53.959083,1
102.2183,"BD232EU","BD23","2EU",-2.012857,53.959757,1
110.1947,"BD232EW","BD23","2EW",-2.023871,53.950803,1
191.7123,"BD232EX","BD23","2EX",-2.010895,53.959304,1
205.5954,"BD232EY","BD23","2EY",-2.010636,53.959466,1
257.206,"BD232EZ","BD23","2EZ",-2.009962,53.959955,1
141.7081,"BD232FA","BD23","2FA",-2.019537,53.959725,1
142.4139,"BD232FB","BD23","2FB",-2.015557,53.955861,1
249.2526,"BD232HA","BD23","2HA",-2.010663,53.960162,1
199.566,"BD232HB","BD23","2HB",-2.011383,53.959609,1
172.532,"BD232HD","BD23","2HD",-2.011836,53.960099,1
202.5342,"BD232HE","BD23","2HE",-2.011364,53.960081,1
267.1383,"BD232HG","BD23","2HG",-2.01056,53.960571,1
233.8425,"BD232HH","BD23","2HH",-2.011059,53.960503,1
307.2762,"BD232HJ","BD23","2HJ",-2.009672,53.960395,1
181.3453,"BD232HL","BD23","2HL",-2.025887,53.957715,1
41.49688,"BD232HN","BD23","2HN",-2.01586,53.959909,1
70.18499,"BD232HP","BD23","2HP",-2.016271,53.959819,1
138.3354,"BD232HQ","BD23","2HQ",-2.012324,53.959955,1
53.79849,"BD232HR","BD23","2HR",-2.015921,53.960323,1
181.3453,"BD232HS","BD23","2HS",-2.025887,53.957715,1
254.5665,"BD232HT","BD23","2HT",-2.008316,53.959676,1
97.97895,"BD232HU","BD23","2HU",-2.016504,53.960526,1
25.70006,"BD232HW","BD23","2HW",-2.014945,53.96017,1
70.1506,"BD232HX","BD23","2HX",-2.015906,53.960538,1
108.2535,"BD232HY","BD23","2HY",-2.016729,53.960484,1
79.64618,"BD232HZ","BD23","2HZ",-2.014244,53.960494,1
34.77418,"BD232JA","BD23","2JA",-2.014614,53.960076,1
89.11951,"BD232JB","BD23","2JB",-2.014001,53.960548,1
53.84591,"BD232JD","BD23","2JD",-2.014732,53.960404,1
104.9895,"BD232JE","BD23","2JE",-2.014412,53.960898,1
317.8807,"BD232JF","BD23","2JF",-2.001884,53.961321,1
455.9247,"BD232JG","BD23","2JG",-2.004262,53.961465,1
53.15962,"BD232JH","BD23","2JH",-2.01368,53.959586,1
108.2244,"BD232JJ","BD23","2JJ",-2.01304,53.960323,1
167.2392,"BD232JL","BD23","2JL",-2.012156,53.960485,1
197.9729,"BD232JN","BD23","2JN",-2.011669,53.960737,1
208.5467,"BD232JP","BD23","2JP",-2.011105,53.961132,1
41.49688,"BD232JQ","BD23","2JQ",-2.01586,53.959909,1
188.6247,"BD232JR","BD23","2JR",-2.011399,53.961182,1
367.7063,"BD232JS","BD23","2JS",-2.00856,53.961168,1
340.3321,"BD232JT","BD23","2JT",-2.008377,53.96053,1
316.2893,"BD232JU","BD23","2JU",-2.007889,53.960171,1
309.0849,"BD232JW","BD23","2JW",-2.00321,53.960171,1
409.3892,"BD232JX","BD23","2JX",-2.005603,53.9608,1
215.5452,"BD232JY","BD23","2JY",-2.00353,53.958706,1
186.274,"BD232JZ","BD23","2JZ",-2.005146,53.958787,1
179.5172,"BD232LA","BD23","2LA",-2.002265,53.958526,1
90.20864,"BD232LB","BD23","2LB",-2.00068,53.957987,1
121.3903,"BD232LD","BD23","2LD",-2.001198,53.958904,1
68.01407,"BD232LE","BD23","2LE",-2.000314,53.958032,1
102.2962,"BD232LF","BD23","2LF",-1.998851,53.957601,1
221.7424,"BD232LG","BD23","2LG",-2.001732,53.956917,1
180.9155,"BD232LH","BD23","2LH",-2.003134,53.958032,1
328.5772,"BD232LJ","BD23","2LJ",-2.005207,53.960072,1
367.2546,"BD232LL","BD23","2LL",-2.003073,53.961933,1
237.7499,"BD232LN","BD23","2LN",-2.000208,53.960531,1
124.7512,"BD232LP","BD23","2LP",-2.017525,53.959869,1
138.7327,"BD232LQ","BD23","2LQ",-1.999994,53.957214,1
97.36079,"BD232LR","BD23","2LR",-2.017018,53.959613,1
41.49688,"BD232LS","BD23","2LS",-2.01586,53.959909,1
89.07713,"BD232LT","BD23","2LT",-2.017662,53.959528,1
35.18318,"BD232LU","BD23","2LU",-2.017814,53.958863,1
275.7064,"BD232LW","BD23","2LW",-2.007569,53.959623,1
75.47701,"BD232LX","BD23","2LX",-2.018895,53.957263,1
40.95892,"BD232LY","BD23","2LY",-2.018175,53.957941,1
181.3453,"BD232LZ","BD23","2LZ",-2.025887,53.957715,1
160.1601,"BD232NA","BD23","2NA",-2.019272,53.956386,1
60.65775,"BD232NB","BD23","2NB",-2.019227,53.957455,1
62.77569,"BD232ND","BD23","2ND",-2.01813,53.957536,1
96.10246,"BD232NE","BD23","2NE",-2.018419,53.957105,1
23.21808,"BD232NF","BD23","2NF",-2.019136,53.958426,1
148.5843,"BD232NG","BD23","2NG",-2.016895,53.957213,1
95.30747,"BD232NH","BD23","2NH",-2.018022,53.95617,1
118.6514,"BD232NJ","BD23","2NJ",-2.017935,53.957002,1
151.9423,"BD232NL","BD23","2NL",-2.017413,53.956844,1
116.8646,"BD232NN","BD23","2NN",-2.017992,53.956377,1
161.0631,"BD232NP","BD23","2NP",-2.017139,53.956871,1
139.999,"BD232NQ","BD23","2NQ",-2.018906,53.956682,1
146.2495,"BD232NR","BD23","2NR",-2.01688,53.957267,1
64.35184,"BD232NS","BD23","2NS",-2.01813,53.959073,1
76.37085,"BD232NT","BD23","2NT",-2.01842,53.958965,1
181.3453,"BD232NU","BD23","2NU",-2.025887,53.957715,1
83.6714,"BD232NW","BD23","2NW",-2.018251,53.95599,1
39.6762,"BD232PA","BD23","2PA",-2.018252,53.957788,1
33.45698,"BD232PB","BD23","2PB",-2.017673,53.958543,1
52.51667,"BD232PD","BD23","2PD",-2.017886,53.958426,1
207.9071,"BD232PF","BD23","2PF",-2.017853,53.952287,1
39.6762,"BD232PG","BD23","2PG",-2.018252,53.957788,1
106.3878,"BD232PH","BD23","2PH",-2.016773,53.957851,1
62.44361,"BD232PJ","BD23","2PJ",-2.016518,53.95844,1
105.5944,"BD232PL","BD23","2PL",-2.015996,53.958202,1
144.9533,"BD232PN","BD23","2PN",-2.015508,53.957995,1
178.7755,"BD232PP","BD23","2PP",-2.016727,53.956889,1
107.3872,"BD232PQ","BD23","2PQ",-2.017036,53.957802,1
199.0704,"BD232PR","BD23","2PR",-2.015676,53.956764,1
188.5844,"BD232PS","BD23","2PS",-2.016011,53.95724,1
89.61604,"BD232PT","BD23","2PT",-2.014963,53.955367,1
226.3945,"BD232PU","BD23","2PU",-2.019773,53.952395,1
168.1588,"BD232PW","BD23","2PW",-2.016484,53.957285,1
69.23514,"BD232PX","BD23","2PX",-2.016502,53.955394,1
114.2392,"BD232PY","BD23","2PY",-2.016863,53.953043,1
230.9548,"BD232PZ","BD23","2PZ",-2.018692,53.953384,1
157.0691,"BD232QA","BD23","2QA",-2.014501,53.951928,1
182.1044,"BD232QB","BD23","2QB",-2.012661,53.952572,1
286.3389,"BD232QD","BD23","2QD",-2.012291,53.951344,1
312.6432,"BD232QE","BD23","2QE",-2.013312,53.950562,1
181.3453,"BD232QF","BD23","2QF",-2.025887,53.957715,1
473.5438,"BD232QG","BD23","2QG",-2.010355,53.950104,1
78.36039,"BD232QH","BD23","2QH",-2.017135,53.9488,1
190.007,"BD232QJ","BD23","2QJ",-2.01546,53.950526,1
228.9348,"BD232QL","BD23","2QL",-2.015079,53.951227,1
246.6214,"BD232QN","BD23","2QN",-2.014165,53.951147,1
180.7703,"BD232QP","BD23","2QP",-2.016724,53.947902,1
332.0792,"BD232QQ","BD23","2QQ",-2.012687,53.949951,1
410.9532,"BD232QR","BD23","2QR",-2.016909,53.945759,1
449.1616,"BD232QS","BD23","2QS",-2.014727,53.945781,1
53.26718,"BD232QT","BD23","2QT",-2.017837,53.949897,1
55.60607,"BD232QU","BD23","2QU",-2.01834,53.950688,1
314.6858,"BD232QW","BD23","2QW",-2.0152,53.947003,1
54.00284,"BD232QX","BD23","2QX",-2.019483,53.950472,1
88.30387,"BD232QY","BD23","2QY",-2.019559,53.950885,1
71.06453,"BD232QZ","BD23","2QZ",-2.018416,53.950858,1
147.2146,"BD232RA","BD23","2RA",-2.019335,53.951528,1
251.0196,"BD232RB","BD23","2RB",-2.019076,53.952499,1
196.6668,"BD232RE","BD23","2RE",-2.018813,53.952018,1
54.02952,"BD232RF","BD23","2RF",-2.01825,53.955092,1
134.6634,"BD232RG","BD23","2RG",-2.018675,53.95146,1
239.2307,"BD232RH","BD23","2RH",-2.019453,53.952413,1
102.2682,"BD232RJ","BD23","2RJ",-2.019013,53.955694,1
142.0508,"BD232RL","BD23","2RL",-2.015553,53.955847,1
103.2958,"BD232RN","BD23","2RN",-2.004536,53.957888,1
30.88826,"BD232RP","BD23","2RP",-2.004856,53.956989,1
216.1297,"BD232RQ","BD23","2RQ",-2.018996,53.952188,1
88.3372,"BD232RR","BD23","2RR",-2.004063,53.957214,1
80.46305,"BD232RS","BD23","2RS",-2.005465,53.957843,1
150.1261,"BD232RT","BD23","2RT",-2.006639,53.958265,1
121.2628,"BD232RU","BD23","2RU",-2.007934,53.957151,1
148.9668,"BD232RW","BD23","2RW",-2.016708,53.948216,1
83.9302,"BD232RX","BD23","2RX",-2.008864,53.957456,1
72.65578,"BD232RY","BD23","2RY",-2.008086,53.956153,1
96.91788,"BD232RZ","BD23","2RZ",-2.004978,53.957951,1
140.6032,"BD232SA","BD23","2SA",-2.007507,53.956675,1
59.78997,"BD232SB","BD23","2SB",-2.006243,53.957358,1
63.06289,"BD232SD","BD23","2SD",-2.006212,53.956711,1
88.17924,"BD232SE","BD23","2SE",-2.00638,53.956423,1
98.15743,"BD232SF","BD23","2SF",-2.007294,53.95565,1
165.0371,"BD232SG","BD23","2SG",-2.012737,53.952886,1
31.62182,"BD232SH","BD23","2SH",-2.010052,53.955659,1
46.21629,"BD232SJ","BD23","2SJ",-2.014593,53.953528,1
152.5341,"BD232SL","BD23","2SL",-2.012901,53.953843,1
109.6583,"BD232SN","BD23","2SN",-2.014866,53.952315,1
153.9901,"BD232SP","BD23","2SP",-2.012813,53.9533,1
75.4898,"BD232SQ","BD23","2SQ",-2.005648,53.956252,1
229.7204,"BD232SR","BD23","2SR",-2.010615,53.953394,1
226.339,"BD232SS","BD23","2SS",-2.011773,53.95289,1
43.54416,"BD232ST","BD23","2ST",-2.008361,53.955947,1
103.2164,"BD232SU","BD23","2SU",-2.014364,53.952486,1
213.1667,"BD232SW","BD23","2SW",-2.011179,53.953663,1
124.1729,"BD232SX","BD23","2SX",-2.004936,53.958199,1
123.5897,"BD232SY","BD23","2SY",-2.01959,53.951245,1
96.73396,"BD232SZ","BD23","2SZ",-2.004966,53.957947,1
815.935,"BD232TA","BD23","2TA",-2.011968,53.942905,1
786.1499,"BD232TB","BD23","2TB",-2.010034,53.943975,1
674.052,"BD232TD","BD23","2TD",-2.007612,53.948154,0
175.3079,"BD232TE","BD23","2TE",-2.024316,53.956268,1
96.16781,"BD232TF","BD23","2TF",-2.02555,53.956241,1
212.134,"BD232TG","BD23","2TG",-2.02485,53.957454,1
213.5954,"BD232TH","BD23","2TH",-2.024164,53.956978,1
170.3121,"BD232TJ","BD23","2TJ",-2.024346,53.955989,1
184.2414,"BD232TN","BD23","2TN",-1.998821,53.961178,1
224.9987,"BD232TP","BD23","2TP",-2.002555,53.959389,1
145.4701,"BD232TQ","BD23","2TQ",-2.025688,53.957112,1
76.89895,"BD232TR","BD23","2TR",-1.998516,53.958077,1
303.3384,"BD232TS","BD23","2TS",-2.001945,53.961717,1
280.8266,"BD232TT","BD23","2TT",-2.009169,53.960108,1
333.9271,"BD232TU","BD23","2TU",-2.006273,53.960081,1
157.3866,"BD232TW","BD23","2TW",-1.996748,53.961348,1
214.3086,"BD232TX","BD23","2TX",-2.000299,53.956558,1
812.6941,"BD232TY","BD23","2TY",-2.013675,53.942509,1
911.7585,"BD232TZ","BD23","2TZ",-2.014836,53.9414,1
611.5981,"BD232UA","BD23","2UA",-2.017971,53.943929,1
933.9464,"BD232UB","BD23","2UB",-2.013766,53.94135,1
1029.565,"BD232UD","BD23","2UD",-2.012958,53.940595,1
1097.234,"BD232UE","BD23","2UE",-2.012866,53.939975,1
907.7956,"BD232UF","BD23","2UF",-2.013674,53.941611,1
907.7956,"BD232UG","BD23","2UG",-2.013674,53.941611,1
101.3592,"BD232UH","BD23","2UH",-1.998886,53.962162,0
196.0874,"BD232UJ","BD23","2UJ",-2.000227,53.961821,1
18.99432,"BD232UL","BD23","2UL",-2.018511,53.957932,1
47.19376,"BD232UN","BD23","2UN",-2.018099,53.957842,1
122.313,"BD232UP","BD23","2UP",-2.017108,53.957473,1
907.7956,"BD232UQ","BD23","2UQ",-2.013674,53.941611,1
292.7706,"BD232UR","BD23","2UR",-2.018403,53.946828,1
54.90219,"BD232US","BD23","2US",-1.996763,53.962697,0
162.0899,"BD232UT","BD23","2UT",-2.016758,53.956737,1
97.48102,"BD232UU","BD23","2UU",-2.017184,53.956206,1
79.85958,"BD232UW","BD23","2UW",-2.017627,53.957743,1
112.3902,"BD232UX","BD23","2UX",-2.016849,53.956278,1
41.30846,"BD232UY","BD23","2UY",-2.017291,53.955694,1
105.3287,"BD232UZ","BD23","2UZ",-1.996173,53.962234,0
181.3453,"BD232WA","BD23","2WA",-2.025887,53.957715,1
181.3453,"BD232WB","BD23","2WB",-2.025887,53.957715,1
123.7219,"BD232WD","BD23","2WD",-1.996615,53.961722,1
181.3453,"BD232WJ","BD23","2WJ",-2.025887,53.957715,1
181.3453,"BD232WL","BD23","2WL",-2.025887,53.957715,1
181.3453,"BD232WN","BD23","2WN",-2.025887,53.957715,1
181.3453,"BD232WP","BD23","2WP",-2.025887,53.957715,1
181.3453,"BD232WQ","BD23","2WQ",-2.025887,53.957715,1
181.3453,"BD232WR","BD23","2WR",-2.025887,53.957715,1
41.30846,"BD232WS","BD23","2WS",-2.017291,53.955694,1
181.3453,"BD232WT","BD23","2WT",-2.025887,53.957715,1
181.3453,"BD232WU","BD23","2WU",-2.025887,53.957715,1
181.3453,"BD232WW","BD23","2WW",-2.025887,53.957715,1
181.3453,"BD232WX","BD23","2WX",-2.025887,53.957715,1
41.30846,"BD232WY","BD23","2WY",-2.017291,53.955694,1
41.30846,"BD232WZ","BD23","2WZ",-2.017291,53.955694,1
181.3453,"BD232XT","BD23","2XT",-2.025887,53.957715,1
181.3453,"BD232XU","BD23","2XU",-2.025887,53.957715,1
181.3453,"BD232XY","BD23","2XY",-2.025887,53.957715,1
181.3453,"BD232XZ","BD23","2XZ",-2.025887,53.957715,1
272.6936,"BD232YA","BD23","2YA",-2.01875,53.947056,1
54.72162,"BD232YB","BD23","2YB",-2.013374,53.956575,1
54.72162,"BD232YD","BD23","2YD",-2.013374,53.956575,1
181.3453,"BD232YE","BD23","2YE",-2.025887,53.957715,1
54.72162,"BD232YF","BD23","2YF",-2.013374,53.956575,1
181.3453,"BD232YG","BD23","2YG",-2.025887,53.957715,1
54.72162,"BD232YH","BD23","2YH",-2.013374,53.956575,1
181.3453,"BD232YJ","BD23","2YJ",-2.025887,53.957715,1
181.3453,"BD232YL","BD23","2YL",-2.025887,53.957715,1
54.31277,"BD232YN","BD23","2YN",-2.013374,53.956566,1
181.3453,"BD232YP","BD23","2YP",-2.025887,53.957715,1
181.3453,"BD232YQ","BD23","2YQ",-2.025887,53.957715,1
181.3453,"BD232YR","BD23","2YR",-2.025887,53.957715,1
181.3453,"BD232YS","BD23","2YS",-2.025887,53.957715,1
907.7956,"BD232YT","BD23","2YT",-2.013674,53.941611,1
181.3453,"BD232YU","BD23","2YU",-2.025887,53.957715,1
181.3453,"BD232YW","BD23","2YW",-2.025887,53.957715,1
907.7956,"BD232YX","BD23","2YX",-2.013674,53.941611,1
54.72162,"BD232YY","BD23","2YY",-2.013374,53.956575,1
54.72162,"BD232YZ","BD23","2YZ",-2.013374,53.956575,1
181.3453,"BD232ZW","BD23","2ZW",-2.025887,53.957715,1
401.0055,"BD233AA","BD23","3AA",-2.047228,53.959565,0
967.1904,"BD233AB","BD23","3AB",-2.05612,53.956077,0
2068.233,"BD233AD","BD23","3AD",-2.072725,53.961587,0
889.0907,"BD233AE","BD23","3AE",-2.089522,53.953024,0
593.5673,"BD233AF","BD23","3AF",-2.113065,53.988537,0
695.6491,"BD233AG","BD23","3AG",-2.095788,53.954449,0
1621.704,"BD233AH","BD23","3AH",-2.09803,53.963582,0
2066.875,"BD233AJ","BD23","3AJ",-2.084971,53.965012,0
562.0326,"BD233AL","BD23","3AL",-2.099958,53.954116,0
598.784,"BD233AN","BD23","3AN",-2.093553,53.951911,0
145.9477,"BD233AP","BD23","3AP",-2.103403,53.948119,0
1203.111,"BD233AQ","BD23","3AQ",-2.092475,53.958595,0
618.4994,"BD233AR","BD23","3AR",-2.092993,53.946581,0
1179.888,"BD233AS","BD23","3AS",-2.109234,53.939329,0
1855.853,"BD233AT","BD23","3AT",-2.10851,53.931685,0
1093.37,"BD233AU","BD23","3AU",-2.11422,53.942456,0
1184.369,"BD233AW","BD23","3AW",-2.096176,53.959332,0
981.9185,"BD233AX","BD23","3AX",-2.112301,53.942718,0
920.2212,"BD233AY","BD23","3AY",-2.113391,53.944367,0
868.4045,"BD233AZ","BD23","3AZ",-2.089777,53.952911,0
1124.369,"BD233BA","BD23","3BA",-2.100546,53.938882,0
1544.711,"BD233BB","BD23","3BB",-2.097979,53.935253,0
1795.97,"BD233BD","BD23","3BD",-2.082036,53.937683,0
1359.353,"BD233BE","BD23","3BE",-2.047331,53.932354,0
1243.814,"BD233BG","BD23","3BG",-2.051647,53.934334,0
904.4212,"BD233BH","BD23","3BH",-2.048539,53.936847,0
1378.576,"BD233BJ","BD23","3BJ",-2.063877,53.946322,0
271.4353,"BD233BL","BD23","3BL",-2.146189,53.931492,1
1156.602,"BD233BN","BD23","3BN",-2.108088,53.939271,0
87.95545,"BD233BP","BD23","3BP",-2.024786,53.951576,1
319.9234,"BD233BQ","BD23","3BQ",-2.031863,53.940771,0
63.12792,"BD233BS","BD23","3BS",-2.027773,53.952429,0
175.6356,"BD233BT","BD23","3BT",-2.024971,53.949379,0
345.3549,"BD233BU","BD23","3BU",-2.033588,53.940623,0
9.659281,"BD233BW","BD23","3BW",-2.103364,53.986088,1
302.3343,"BD233BX","BD23","3BX",-2.108123,53.986282,1
140.612,"BD233BY","BD23","3BY",-2.039562,53.94303,1
90.50764,"BD233DA","BD23","3DA",-2.041055,53.943182,1
69.66736,"BD233DB","BD23","3DB",-2.04107,53.943371,1
84.23087,"BD233DD","BD23","3DD",-2.041737,53.943393,1
60.53454,"BD233DE","BD23","3DE",-2.041905,53.943671,1
32.84717,"BD233DF","BD23","3DF",-2.042408,53.944147,1
77.96745,"BD233DG","BD23","3DG",-2.04,53.943573,1
137.7215,"BD233DH","BD23","3DH",-2.041934,53.942898,1
152.09,"BD233DJ","BD23","3DJ",-2.042163,53.942826,1
167.326,"BD233DL","BD23","3DL",-2.042395,53.94275,1
191.3815,"BD233DN","BD23","3DN",-2.042715,53.94258,1
132.8776,"BD233DP","BD23","3DP",-2.04267,53.943137,1
87.74371,"BD233DQ","BD23","3DQ",-2.042198,53.943461,1
94.45498,"BD233DR","BD23","3DR",-2.042864,53.943482,1
146.2375,"BD233DS","BD23","3DS",-2.043077,53.943006,1
176.8763,"BD233DT","BD23","3DT",-2.044052,53.942835,1
160.4066,"BD233DU","BD23","3DU",-2.043446,53.942894,1
245.2226,"BD233DW","BD23","3DW",-2.043914,53.94217,1
146.9405,"BD233DX","BD23","3DX",-2.044235,53.943185,1
200.7704,"BD233DY","BD23","3DY",-2.04436,53.942678,1
258.8148,"BD233DZ","BD23","3DZ",-2.044478,53.942142,1
90.60771,"BD233EA","BD23","3EA",-2.0439,53.943661,1
260.0165,"BD233EB","BD23","3EB",-2.045518,53.942471,1
278.7312,"BD233ED","BD23","3ED",-2.04596,53.94247,1
326.1063,"BD233EE","BD23","3EE",-2.046245,53.942052,1
152.7484,"BD233EF","BD23","3EF",-2.044601,53.943275,1
146.9405,"BD233EG","BD23","3EG",-2.044235,53.943185,1
429.6632,"BD233EH","BD23","3EH",-2.048031,53.941778,1
312.5442,"BD233EJ","BD23","3EJ",-2.046428,53.942312,1
398.0144,"BD233EL","BD23","3EL",-2.048485,53.942671,1
309.3612,"BD233EN","BD23","3EN",-2.047175,53.942923,1
246.2019,"BD233EP","BD23","3EP",-2.046097,53.942992,1
353.7491,"BD233EQ","BD23","3EQ",-2.04669,53.941949,1
231.4154,"BD233ER","BD23","3ER",-2.046567,53.943948,1
288.5392,"BD233ES","BD23","3ES",-2.047496,53.944262,1
166.8701,"BD233ET","BD23","3ET",-2.045562,53.944685,1
240.6047,"BD233EU","BD23","3EU",-2.04406,53.946408,1
168.0534,"BD233EW","BD23","3EW",-2.042292,53.946022,1
152.5254,"BD233EX","BD23","3EX",-2.045291,53.943873,1
80.17924,"BD233EY","BD23","3EY",-2.044149,53.944682,1
56.42752,"BD233EZ","BD23","3EZ",-2.043703,53.944677,1
799.0276,"BD233FD","BD23","3FD",-2.101857,53.956313,0
28.53771,"BD233HA","BD23","3HA",-2.043524,53.944332,1
27.75009,"BD233HB","BD23","3HB",-2.043265,53.944548,1
73.15057,"BD233HD","BD23","3HD",-2.04419,53.94421,1
52.26921,"BD233HE","BD23","3HE",-2.043722,53.944035,1
63.9949,"BD233HF","BD23","3HF",-2.043445,53.944857,1
55.17109,"BD233HG","BD23","3HG",-2.042194,53.943779,1
117.1747,"BD233HH","BD23","3HH",-2.044739,53.943913,1
28.09717,"BD233HJ","BD23","3HJ",-2.04296,53.94408,1
82.60998,"BD233HL","BD23","3HL",-2.042548,53.943622,1
52.72374,"BD233HN","BD23","3HN",-2.043097,53.943847,1
460.9062,"BD233HP","BD23","3HP",-2.049006,53.942074,1
85.20715,"BD233HQ","BD23","3HQ",-2.044255,53.943981,1
795.7839,"BD233HR","BD23","3HR",-2.05452,53.941883,0
1796.852,"BD233HS","BD23","3HS",-2.069504,53.939919,0
1493.434,"BD233HT","BD23","3HT",-2.062755,53.937511,0
676.1058,"BD233HU","BD23","3HU",-2.028285,53.938036,0
502.5737,"BD233JA","BD23","3JA",-2.107633,53.951845,0
1189.932,"BD233JB","BD23","3JB",-2.119444,53.951327,0
748.0061,"BD233JD","BD23","3JD",-2.130671,53.951561,0
1508.682,"BD233JE","BD23","3JE",-2.122754,53.943436,0
954.7644,"BD233JF","BD23","3JF",-2.116189,53.947933,0
1079.808,"BD233JH","BD23","3JH",-2.15812,53.940191,0
1040.578,"BD233JJ","BD23","3JJ",-2.157891,53.95303,0
2182.789,"BD233JL","BD23","3JL",-2.174259,53.957285,0
2515.327,"BD233JN","BD23","3JN",-2.179139,53.958123,0
2032.238,"BD233JP","BD23","3JP",-2.196151,53.948646,0
1287.064,"BD233JQ","BD23","3JQ",-2.127938,53.939674,0
2456.17,"BD233JR","BD23","3JR",-2.179574,53.952891,0
1098.4,"BD233JS","BD23","3JS",-2.198454,53.939475,0
1987.462,"BD233JT","BD23","3JT",-2.222385,53.948568,0
284.4793,"BD233JU","BD23","3JU",-2.214003,53.933394,0
1213.805,"BD233JX","BD23","3JX",-2.216655,53.94244,0
536.0352,"BD233LA","BD23","3LA",-2.027591,53.976813,0
2037.195,"BD233LB","BD23","3LB",-2.040183,53.990399,0
2849.998,"BD233LD","BD23","3LD",-2.043657,53.997638,0
220.4281,"BD233LF","BD23","3LF",-2.015194,53.971836,0
320.6105,"BD233LH","BD23","3LH",-2.045261,53.971663,0
799.1125,"BD233LJ","BD23","3LJ",-2.052624,53.971885,0
810.3983,"BD233LL","BD23","3LL",-2.05273,53.9713,0
358.3679,"BD233LN","BD23","3LN",-2.04471,53.970081,0
270.4934,"BD233LP","BD23","3LP",-2.142171,53.954586,0
407.8344,"BD233LQ","BD23","3LQ",-2.039284,53.975686,0
184.721,"BD233LR","BD23","3LR",-2.14398,53.953371,0
287.9152,"BD233LS","BD23","3LS",-2.144912,53.954125,0
904.7993,"BD233LT","BD23","3LT",-2.140014,53.960202,0
112.8823,"BD233LU","BD23","3LU",-2.104921,53.982217,1
65.84725,"BD233LW","BD23","3LW",-2.10256,53.983414,1
153.4467,"BD233LX","BD23","3LX",-2.107078,53.983272,1
104.0474,"BD233LY","BD23","3LY",-2.106985,53.982831,1
189.455,"BD233LZ","BD23","3LZ",-2.104542,53.983098,1
186.1395,"BD233NA","BD23","3NA",-2.113707,53.983359,0
139.3373,"BD233NB","BD23","3NB",-2.118558,53.983975,0
224.5134,"BD233ND","BD23","3ND",-2.109711,53.982923,1
24.6595,"BD233NE","BD23","3NE",-2.105771,53.980958,1
154.7706,"BD233NG","BD23","3NG",-2.10372,53.981971,1
127.5535,"BD233NH","BD23","3NH",-2.103901,53.981441,1
153.5338,"BD233NJ","BD23","3NJ",-2.1016,53.981784,0
187.9558,"BD233NL","BD23","3NL",-2.109401,53.98126,1
269.3934,"BD233NN","BD23","3NN",-2.114876,53.981381,1
268.6643,"BD233NP","BD23","3NP",-2.110716,53.982526,1
73.76427,"BD233NQ","BD23","3NQ",-2.104874,53.981696,1
333.6997,"BD233NR","BD23","3NR",-2.112103,53.982102,1
574.7685,"BD233NS","BD23","3NS",-2.121228,53.979235,0
1678.904,"BD233NT","BD23","3NT",-2.136963,53.974464,0
1959.38,"BD233NU","BD23","3NU",-2.140515,53.973045,0
242.2937,"BD233NW","BD23","3NW",-2.11044,53.982068,1
2358.588,"BD233NX","BD23","3NX",-2.166967,53.973604,0
391.6572,"BD233NY","BD23","3NY",-2.112648,53.980916,1
68.89005,"BD233NZ","BD23","3NZ",-2.1069,53.981074,1
2718.872,"BD233PA","BD23","3PA",-2.173889,53.970848,0
880.9865,"BD233PB","BD23","3PB",-2.118508,53.975765,0
642.0436,"BD233PD","BD23","3PD",-2.104298,53.975473,0
226.7643,"BD233PE","BD23","3PE",-2.110195,53.9817,1
61.23607,"BD233PF","BD23","3PF",-2.10527,53.981794,1
151.0188,"BD233PG","BD23","3PG",-2.109052,53.981845,1
506.3431,"BD233PH","BD23","3PH",-2.111281,53.986953,0
124.3983,"BD233PJ","BD23","3PJ",-2.105462,53.985209,1
148.3456,"BD233PL","BD23","3PL",-2.101654,53.986875,1
329.2441,"BD233PN","BD23","3PN",-2.100194,53.988755,1
343.0777,"BD233PP","BD23","3PP",-2.094722,53.988072,0
97.89801,"BD233PQ","BD23","3PQ",-2.105066,53.985353,1
816.268,"BD233PR","BD23","3PR",-2.084698,53.986076,0
1471.743,"BD233PS","BD23","3PS",-2.076022,53.980711,0
184.6217,"BD233PT","BD23","3PT",-2.105398,53.984059,1
2543.657,"BD233PU","BD23","3PU",-2.083118,54.006671,0
508.6517,"BD233PW","BD23","3PW",-2.110776,53.987739,0
2375.554,"BD233PX","BD23","3PX",-2.08313,54.005045,0
2240.001,"BD233PY","BD23","3PY",-2.07638,54.001364,0
205.8048,"BD233PZ","BD23","3PZ",-2.10526,53.983538,1
2240.931,"BD233QA","BD23","3QA",-2.066004,54.00954,0
1266.35,"BD233QB","BD23","3QB",-2.101542,53.997436,0
2437.191,"BD233QD","BD23","3QD",-2.10148,54.007992,0
1702.714,"BD233QE","BD23","3QE",-2.099481,54.001235,0
1515.908,"BD233QH","BD23","3QH",-2.138807,54.006242,0
2648.48,"BD233QJ","BD23","3QJ",-2.116252,54.008716,0
2342.104,"BD233QL","BD23","3QL",-2.109103,54.006911,0
3087.492,"BD233QN","BD23","3QN",-2.105462,54.013849,0
3700.687,"BD233QP","BD23","3QP",-2.11829,54.023691,0
1591.57,"BD233QQ","BD23","3QQ",-2.096438,53.999939,0
3227.975,"BD233QR","BD23","3QR",-2.100218,54.02387,0
2111.63,"BD233QS","BD23","3QS",-2.080573,54.02175,0
3121.491,"BD233QT","BD23","3QT",-2.099928,54.028701,0
2037.387,"BD233QU","BD23","3QU",-2.082504,54.035504,0
2922.172,"BD233QX","BD23","3QX",-2.09426,54.040057,0
1131.113,"BD233QY","BD23","3QY",-2.103738,53.971078,0
3104.787,"BD233QZ","BD23","3QZ",-2.098722,54.036939,0
161.8273,"BD233RA","BD23","3RA",-2.103831,53.983877,1
146.5249,"BD233RB","BD23","3RB",-2.104121,53.984047,1
217.3771,"BD233RD","BD23","3RD",-2.105748,53.983771,1
233.6114,"BD233RE","BD23","3RE",-2.10804,53.983864,1
223.1789,"BD233RF","BD23","3RF",-2.106925,53.984956,1
261.2987,"BD233RG","BD23","3RG",-2.107305,53.984489,1
319.5906,"BD233RH","BD23","3RH",-2.108328,53.984667,1
175.924,"BD233RJ","BD23","3RJ",-2.106255,53.985226,1
124.3453,"BD233RL","BD23","3RL",-2.105447,53.985146,1
81.4816,"BD233RN","BD23","3RN",-2.104348,53.984752,1
97.06281,"BD233RP","BD23","3RP",-2.103173,53.984483,1
319.6108,"BD233RQ","BD23","3RQ",-2.109287,53.984361,1
108.7724,"BD233RR","BD23","3RR",-2.102927,53.983971,1
75.10733,"BD233RS","BD23","3RS",-2.102333,53.984008,1
127.9601,"BD233RT","BD23","3RT",-2.103601,53.983104,1
321.4204,"BD233RU","BD23","3RU",-2.09728,53.981837,0
121.1342,"BD233RW","BD23","3RW",-2.099662,53.98321,0
403.7211,"BD233RX","BD23","3RX",-2.093622,53.982334,0
53.90682,"BD233RY","BD23","3RY",-2.102391,53.982956,1
360.5515,"BD233RZ","BD23","3RZ",-2.096675,53.981762,0
135.6498,"BD233SA","BD23","3SA",-2.099604,53.984315,1
93.10529,"BD233SB","BD23","3SB",-2.099712,53.984828,1
40.07641,"BD233SD","BD23","3SD",-2.099469,53.985286,1
69.0927,"BD233SE","BD23","3SE",-2.101122,53.986054,1
275.0945,"BD233SF","BD23","3SF",-2.109926,53.983525,1
59.68233,"BD233SG","BD23","3SG",-2.099949,53.986316,1
99.51438,"BD233SH","BD23","3SH",-2.101682,53.985842,1
86.81273,"BD233SJ","BD23","3SJ",-2.102351,53.985014,1
69.81314,"BD233SL","BD23","3SL",-2.1022,53.985832,1
14.10263,"BD233SN","BD23","3SN",-2.103682,53.985216,1
115.5622,"BD233SP","BD23","3SP",-2.101846,53.984655,1
35.52665,"BD233SQ","BD23","3SQ",-2.100339,53.985492,1
79.06745,"BD233SR","BD23","3SR",-2.101652,53.984346,1
117.7496,"BD233SS","BD23","3SS",-2.103282,53.983608,1
529.3973,"BD233ST","BD23","3ST",-2.143348,53.933697,1
462.6954,"BD233SU","BD23","3SU",-2.141113,53.933759,1
589.9118,"BD233SX","BD23","3SX",-2.141038,53.934985,1
905.2445,"BD233SY","BD23","3SY",-2.144725,53.944166,0
511.028,"BD233TA","BD23","3TA",-2.139208,53.934475,1
404.465,"BD233TB","BD23","3TB",-2.140852,53.933256,1
809.1801,"BD233TD","BD23","3TD",-2.126546,53.931816,0
327.6961,"BD233TE","BD23","3TE",-2.1422,53.931865,1
527.1914,"BD233TG","BD23","3TG",-2.132968,53.926438,0
287.9812,"BD233TH","BD23","3TH",-2.141104,53.931974,1
421.9779,"BD233TJ","BD23","3TJ",-2.144062,53.932129,1
225.7611,"BD233TL","BD23","3TL",-2.147433,53.930043,1
260.4431,"BD233TN","BD23","3TN",-2.146449,53.931761,1
246.2479,"BD233TP","BD23","3TP",-2.146588,53.931532,1
511.6169,"BD233TQ","BD23","3TQ",-2.133261,53.92647,0
108.4786,"BD233TR","BD23","3TR",-2.148931,53.931722,0
65.35812,"BD233TS","BD23","3TS",-2.152572,53.931013,0
241.8383,"BD233TT","BD23","3TT",-2.159636,53.931088,0
395.2992,"BD233TU","BD23","3TU",-2.144872,53.93273,1
206.3791,"BD233TX","BD23","3TX",-2.147147,53.931185,1
92.19095,"BD233TY","BD23","3TY",-2.102883,53.9846,1
234.7599,"BD233TZ","BD23","3TZ",-2.14675,53.930871,1
1491.119,"BD233UA","BD23","3UA",-2.164449,53.949664,0
1385.873,"BD233UB","BD23","3UB",-2.162204,53.94831,0
1436.098,"BD233UD","BD23","3UD",-2.163561,53.949571,0
1417.85,"BD233UE","BD23","3UE",-2.163659,53.951152,0
1518.832,"BD233UG","BD23","3UG",-2.165245,53.951528,0
2662.401,"BD233UH","BD23","3UH",-2.174348,53.966727,0
2542.885,"BD233UJ","BD23","3UJ",-2.194619,53.953286,0
1563.819,"BD233UL","BD23","3UL",-2.165883,53.95105,0
1590.457,"BD233UQ","BD23","3UQ",-2.165868,53.955032,0
395.6275,"BD233UT","BD23","3UT",-2.109295,53.987147,0
395.6275,"BD233WA","BD23","3WA",-2.109295,53.987147,0
395.6275,"BD233WU","BD23","3WU",-2.109295,53.987147,0
181.3453,"BD233WW","BD23","3WW",-2.025887,53.957715,1
402.9026,"BD233WX","BD23","3WX",-2.109402,53.987165,0
181.3453,"BD233WY","BD23","3WY",-2.025887,53.957715,1
395.6275,"BD233WZ","BD23","3WZ",-2.109295,53.987147,0
1621.704,"BD233XG","BD23","3XG",-2.09803,53.963582,0
181.3453,"BD233YB","BD23","3YB",-2.025887,53.957715,1
181.3453,"BD233YD","BD23","3YD",-2.025887,53.957715,1
395.6275,"BD233YE","BD23","3YE",-2.109295,53.987147,0
181.3453,"BD233YF","BD23","3YF",-2.025887,53.957715,1
181.3453,"BD233YG","BD23","3YG",-2.025887,53.957715,1
411.457,"BD233YH","BD23","3YH",-2.109766,53.9865,0
1621.704,"BD233YJ","BD23","3YJ",-2.09803,53.963582,0
1621.704,"BD233YL","BD23","3YL",-2.09803,53.963582,0
181.3453,"BD233YN","BD23","3YN",-2.025887,53.957715,1
1621.704,"BD233YP","BD23","3YP",-2.09803,53.963582,0
1621.704,"BD233YQ","BD23","3YQ",-2.09803,53.963582,0
411.457,"BD233YR","BD23","3YR",-2.109766,53.9865,0
181.3453,"BD233YT","BD23","3YT",-2.025887,53.957715,1
411.457,"BD233YU","BD23","3YU",-2.109766,53.9865,0
1621.704,"BD233YW","BD23","3YW",-2.09803,53.963582,0
1621.704,"BD233YX","BD23","3YX",-2.09803,53.963582,0
181.3453,"BD233YY","BD23","3YY",-2.025887,53.957715,1
181.3453,"BD233YZ","BD23","3YZ",-2.025887,53.957715,1
181.3453,"BD233ZY","BD23","3ZY",-2.025887,53.957715,1
2889.659,"BD234AA","BD23","4AA",-2.136469,54.019016,0
2941.319,"BD234AB","BD23","4AB",-2.136199,54.019453,0
2263.558,"BD234AD","BD23","4AD",-2.141126,54.028529,0
1988.775,"BD234AE","BD23","4AE",-2.149765,54.028339,0
1931.771,"BD234AF","BD23","4AF",-2.148791,54.029185,0
2048.691,"BD234AG","BD23","4AG",-2.152039,54.027226,0
2010.247,"BD234AH","BD23","4AH",-2.150908,54.027843,0
1999.216,"BD234AJ","BD23","4AJ",-2.152148,54.027675,0
1948.593,"BD234AL","BD23","4AL",-2.152485,54.028088,0
2729.034,"BD234AN","BD23","4AN",-2.155586,54.020409,0
2332.012,"BD234AP","BD23","4AP",-2.151614,54.024625,0
1901.069,"BD234AQ","BD23","4AQ",-2.150168,54.029098,0
1903.175,"BD234AR","BD23","4AR",-2.151068,54.028845,0
1871.462,"BD234AS","BD23","4AS",-2.151268,54.029105,0
1814.518,"BD234AT","BD23","4AT",-2.15159,54.029581,0
1794.032,"BD234AU","BD23","4AU",-2.151618,54.029774,0
1977.954,"BD234AW","BD23","4AW",-2.151857,54.061896,0
1792.525,"BD234AX","BD23","4AX",-2.153162,54.029436,0
1767.588,"BD234AY","BD23","4AY",-2.151329,54.030107,0
67.91303,"BD234AZ","BD23","4AZ",-2.220097,54.005155,1
1720.915,"BD234BA","BD23","4BA",-2.154122,54.029924,0
2959.372,"BD234BB","BD23","4BB",-2.216944,54.039021,0
1705.394,"BD234BD","BD23","4BD",-2.153176,54.030267,0
1517.907,"BD234BE","BD23","4BE",-2.153126,54.032096,0
851.1262,"BD234BG","BD23","4BG",-2.155557,54.038092,0
868.8823,"BD234BH","BD23","4BH",-2.155617,54.037885,0
185.1682,"BD234BJ","BD23","4BJ",-2.159885,54.043793,0
63.91218,"BD234BL","BD23","4BL",-2.161385,54.044762,0
772.2784,"BD234BN","BD23","4BN",-2.155639,54.050922,0
745.361,"BD234BP","BD23","4BP",-2.151805,54.04774,0
105.4529,"BD234BQ","BD23","4BQ",-2.221202,54.003598,1
32.59756,"BD234BS","BD23","4BS",-2.163863,54.044853,0
19.20681,"BD234BT","BD23","4BT",-2.162258,54.045372,0
111.155,"BD234BU","BD23","4BU",-2.163726,54.045828,0
1516.835,"BD234BW","BD23","4BW",-2.296225,54.015272,0
67.01154,"BD234BX","BD23","4BX",-2.161939,54.045759,0
1109.993,"BD234BY","BD23","4BY",-2.154826,54.054158,0
1812.116,"BD234DA","BD23","4DA",-2.153625,54.06068,0
2047.833,"BD234DB","BD23","4DB",-2.150104,54.062163,0
2084.839,"BD234DD","BD23","4DD",-2.151402,54.062822,0
2018.989,"BD234DE","BD23","4DE",-2.151782,54.062273,0
1812.108,"BD234DG","BD23","4DG",-2.154025,54.060756,0
1991.463,"BD234DH","BD23","4DH",-2.153848,54.06241,0
2123.948,"BD234DJ","BD23","4DJ",-2.155412,54.063873,0
3118.946,"BD234DL","BD23","4DL",-2.132654,54.067176,0
4723.194,"BD234DN","BD23","4DN",-2.111162,54.075224,0
656.8197,"BD234DP","BD23","4DP",-2.168278,54.050001,0
1999.278,"BD234DQ","BD23","4DQ",-2.153894,54.062491,0
1281.61,"BD234DT","BD23","4DT",-2.152766,54.005686,0
903.4612,"BD234DU","BD23","4DU",-2.145963,54.002046,0
177.7942,"BD234DW","BD23","4DW",-2.222506,54.005541,1
2424.211,"BD234DX","BD23","4DX",-2.179323,54.015032,0
2552.119,"BD234DY","BD23","4DY",-2.175425,54.016998,0
274.3262,"BD234EA","BD23","4EA",-2.152018,53.992112,0
654.3438,"BD234EB","BD23","4EB",-2.171522,53.999504,0
428.7856,"BD234ED","BD23","4ED",-2.152512,53.990713,0
1376.794,"BD234EE","BD23","4EE",-2.144826,53.981969,0
329.6428,"BD234EF","BD23","4EF",-2.151818,53.99151,0
1271.805,"BD234EH","BD23","4EH",-2.184832,53.99345,0
1503.881,"BD234EN","BD23","4EN",-2.164905,53.981278,0
168.5909,"BD234EP","BD23","4EP",-2.22296,54.004929,1
1454.027,"BD234EQ","BD23","4EQ",-2.166752,53.981742,0
90.21257,"BD234ER","BD23","4ER",-2.221603,54.00495,1
186.155,"BD234ES","BD23","4ES",-2.223012,54.005491,1
179.3402,"BD234ET","BD23","4ET",-2.223177,54.004834,1
69.23877,"BD234EU","BD23","4EU",-2.224542,54.006216,1
32.25235,"BD234EX","BD23","4EX",-2.225258,54.005981,1
50.30112,"BD234EY","BD23","4EY",-2.22494,54.006422,1
64.46684,"BD234EZ","BD23","4EZ",-2.226429,54.005875,1
164.4304,"BD234HA","BD23","4HA",-2.227926,54.005625,1
102.222,"BD234HB","BD23","4HB",-2.225937,54.005292,1
162.9293,"BD234HD","BD23","4HD",-2.226045,54.004748,1
105.7769,"BD234HE","BD23","4HE",-2.227211,54.006094,1
117.0375,"BD234HG","BD23","4HG",-2.224329,54.006931,1
83.61991,"BD234HH","BD23","4HH",-2.226376,54.006788,1
18.26855,"BD234HJ","BD23","4HJ",-2.226276,54.008055,1
172.7369,"BD234HL","BD23","4HL",-2.227688,54.010169,1
260.6182,"BD234HN","BD23","4HN",-2.227952,54.010977,1
80.74112,"BD234HP","BD23","4HP",-2.225552,54.007441,1
103.0531,"BD234HQ","BD23","4HQ",-2.227076,54.006517,1
672.4039,"BD234HS","BD23","4HS",-2.235844,54.005619,0
91.21339,"BD234HT","BD23","4HT",-2.221889,54.004329,1
78.30336,"BD234HU","BD23","4HU",-2.221387,54.003975,1
92.95,"BD234HW","BD23","4HW",-2.254976,54.020854,1
34.57914,"BD234HX","BD23","4HX",-2.220855,54.004219,1
30.13839,"BD234HY","BD23","4HY",-2.220899,54.0046,1
66.44416,"BD234HZ","BD23","4HZ",-2.225279,54.007702,1
74.85589,"BD234JA","BD23","4JA",-2.220326,54.005316,1
33.177,"BD234JB","BD23","4JB",-2.220918,54.004632,1
43.63735,"BD234JD","BD23","4JD",-2.219591,54.004841,1
49.665,"BD234JE","BD23","4JE",-2.219164,54.005341,1
79.24806,"BD234JG","BD23","4JG",-2.220069,54.006399,1
236.5028,"BD234JH","BD23","4JH",-2.215824,54.005661,0
98.08129,"BD234JJ","BD23","4JJ",-2.217945,54.005675,1
1802.246,"BD234JL","BD23","4JL",-2.191951,53.999397,0
1145.639,"BD234JN","BD23","4JN",-2.206722,53.99784,0
900.397,"BD234JP","BD23","4JP",-2.206073,54.007723,0
132.4753,"BD234JQ","BD23","4JQ",-2.218078,54.004866,1
1567.427,"BD234JR","BD23","4JR",-2.19931,54.013424,0
123.9613,"BD234JS","BD23","4JS",-2.220608,54.006673,1
138.2619,"BD234JT","BD23","4JT",-2.223486,54.006231,1
84.34195,"BD234JU","BD23","4JU",-2.224445,54.005852,1
169.4656,"BD234JW","BD23","4JW",-2.221232,54.006901,1
79.65979,"BD234JX","BD23","4JX",-2.224434,54.005982,1
160.5268,"BD234JY","BD23","4JY",-2.222962,54.004538,1
136.8155,"BD234JZ","BD23","4JZ",-2.22236,54.003879,1
189.2347,"BD234LA","BD23","4LA",-2.221916,54.002967,1
401.0719,"BD234LB","BD23","4LB",-2.21986,54.000868,0
914.9365,"BD234LD","BD23","4LD",-2.217198,53.99646,0
457.1998,"BD234LE","BD23","4LE",-2.224193,54.000959,0
1109.83,"BD234LF","BD23","4LF",-2.218725,53.994529,0
137.9179,"BD234LG","BD23","4LG",-2.222411,54.004993,1
104.567,"BD234LH","BD23","4LH",-2.221238,54.005292,1
1810.456,"BD234LJ","BD23","4LJ",-2.2298,53.989116,0
2438.944,"BD234LL","BD23","4LL",-2.239082,53.985431,0
2990.838,"BD234LN","BD23","4LN",-2.227725,53.977894,0
2606.851,"BD234LP","BD23","4LP",-2.252079,53.988658,0
1120.935,"BD234LQ","BD23","4LQ",-2.225594,53.994827,0
2369.463,"BD234LR","BD23","4LR",-2.2025,53.985894,0
2259.404,"BD234LS","BD23","4LS",-2.213168,53.984599,0
3145.357,"BD234LT","BD23","4LT",-2.222139,53.976184,0
2779.832,"BD234LU","BD23","4LU",-2.195126,53.97686,0
82.78653,"BD234LW","BD23","4LW",-2.220753,54.00576,1
71.93502,"BD234LX","BD23","4LX",-2.221434,54.004806,1
106.6424,"BD234LY","BD23","4LY",-2.221589,54.005174,1
192.0088,"BD234LZ","BD23","4LZ",-2.222771,54.006655,1
103.563,"BD234NA","BD23","4NA",-2.254996,54.018747,1
148.9964,"BD234NB","BD23","4NB",-2.254214,54.01869,1
146.1235,"BD234ND","BD23","4ND",-2.254066,54.018946,1
103.0597,"BD234NE","BD23","4NE",-2.25472,54.019022,1
154.1921,"BD234NF","BD23","4NF",-2.253836,54.019248,1
175.0309,"BD234NG","BD23","4NG",-2.25444,54.018168,1
215.93,"BD234NH","BD23","4NH",-2.253725,54.018066,1
68.74198,"BD234NJ","BD23","4NJ",-2.251527,54.018426,1
151.0783,"BD234NL","BD23","4NL",-2.252731,54.018172,1
191.8439,"BD234NN","BD23","4NN",-2.251562,54.016629,0
323.8398,"BD234NP","BD23","4NP",-2.2505,54.015157,0
849.2831,"BD234NQ","BD23","4NQ",-2.237605,54.012639,0
305.1482,"BD234NR","BD23","4NR",-2.246979,54.015901,0
137.619,"BD234NS","BD23","4NS",-2.254796,54.018432,1
85.20407,"BD234NT","BD23","4NT",-2.255104,54.018935,1
43.76319,"BD234NU","BD23","4NU",-2.255519,54.019375,1
221.7539,"BD234NW","BD23","4NW",-2.222852,54.007392,1
74.80947,"BD234NX","BD23","4NX",-2.255619,54.018777,1
237.3005,"BD234NY","BD23","4NY",-2.222531,54.00733,1
203.4553,"BD234NZ","BD23","4NZ",-2.222988,54.007185,1
113.3088,"BD234PA","BD23","4PA",-2.257798,54.020624,1
116.5165,"BD234PB","BD23","4PB",-2.257903,54.020426,1
28.72357,"BD234PD","BD23","4PD",-2.256219,54.019103,1
92.23836,"BD234PE","BD23","4PE",-2.257595,54.019433,1
54.57085,"BD234PF","BD23","4PF",-2.256203,54.01887,1
58.49519,"BD234PG","BD23","4PG",-2.255444,54.019653,1
202.1138,"BD234PH","BD23","4PH",-2.258933,54.02112,1
116.2386,"BD234PJ","BD23","4PJ",-2.254454,54.019997,1
107.5549,"BD234PL","BD23","4PL",-2.254488,54.020473,1
156.1157,"BD234PN","BD23","4PN",-2.253693,54.020358,1
132.7166,"BD234PP","BD23","4PP",-2.257697,54.021114,1
42.80848,"BD234PQ","BD23","4PQ",-2.256561,54.020073,1
62.50847,"BD234PR","BD23","4PR",-2.256979,54.019044,1
107.3317,"BD234PS","BD23","4PS",-2.257766,54.020363,1
73.39213,"BD234PT","BD23","4PT",-2.25719,54.020566,1
201.4343,"BD234PU","BD23","4PU",-2.259066,54.0209,1
283.0117,"BD234PW","BD23","4PW",-2.260062,54.021419,1
233.0839,"BD234PX","BD23","4PX",-2.259573,54.020894,1
186.0151,"BD234PY","BD23","4PY",-2.258958,54.020203,1
142.6701,"BD234QA","BD23","4QA",-2.258296,54.019697,1
331.5795,"BD234QB","BD23","4QB",-2.260525,54.021844,1
440.4627,"BD234QD","BD23","4QD",-2.261899,54.022403,1
394.8203,"BD234QE","BD23","4QE",-2.261002,54.022455,1
867.377,"BD234QF","BD23","4QF",-2.23936,54.007333,0
469.1091,"BD234QH","BD23","4QH",-2.26131,54.023277,1
459.0302,"BD234QJ","BD23","4QJ",-2.262162,54.02247,1
536.7057,"BD234QL","BD23","4QL",-2.262987,54.023012,1
1814.524,"BD234QN","BD23","4QN",-2.272548,54.035119,0
1540.639,"BD234QP","BD23","4QP",-2.27915,54.041095,0
419.5511,"BD234QQ","BD23","4QQ",-2.260682,54.023017,1
1004.501,"BD234QR","BD23","4QR",-2.245308,54.009424,0
1680.68,"BD234QS","BD23","4QS",-2.25024,54.00186,0
442.9193,"BD234QT","BD23","4QT",-2.245313,54.023238,0
799.4734,"BD234QU","BD23","4QU",-2.237127,54.017035,0
166.5981,"BD234QY","BD23","4QY",-2.253026,54.018553,1
131.3437,"BD234QZ","BD23","4QZ",-2.252459,54.018685,1
433.0182,"BD234RA","BD23","4RA",-2.254117,54.014731,0
2517.938,"BD234RB","BD23","4RB",-2.296297,54.006195,0
97.97157,"BD234RD","BD23","4RD",-2.258128,54.01728,0
1163.688,"BD234RE","BD23","4RE",-2.266095,54.007245,0
160.9099,"BD234RF","BD23","4RF",-2.257074,54.017039,0
2405.748,"BD234RH","BD23","4RH",-2.270048,53.99624,0
2309.335,"BD234RJ","BD23","4RJ",-2.291382,54.007968,0
1740.537,"BD234RL","BD23","4RL",-2.288209,54.014681,0
2522.405,"BD234RN","BD23","4RN",-2.295395,54.006211,0
2520.014,"BD234RP","BD23","4RP",-2.297045,54.006139,0
1580.563,"BD234RQ","BD23","4RQ",-2.271081,54.004484,0
2947.97,"BD234RR","BD23","4RR",-2.30005,54.002227,0
3493.311,"BD234RS","BD23","4RS",-2.281994,53.985194,0
3302.581,"BD234RT","BD23","4RT",-2.283414,53.978701,0
2529.246,"BD234RU","BD23","4RU",-2.297456,54.006039,0
2333.752,"BD234RW","BD23","4RW",-2.291686,54.007833,0
214.8627,"BD234RY","BD23","4RY",-2.256251,54.016865,0
2703.204,"BD234SA","BD23","4SA",-2.3128,54.003713,0
2066.335,"BD234SB","BD23","4SB",-2.323911,54.006272,0
1111.888,"BD234SD","BD23","4SD",-2.337059,53.997872,0
913.6189,"BD234SE","BD23","4SE",-2.341318,54.003846,0
136.0224,"BD234SF","BD23","4SF",-2.354322,54.001171,0
664.6205,"BD234SH","BD23","4SH",-2.35536,53.994113,0
724.8194,"BD234SJ","BD23","4SJ",-2.345302,53.97862,0
1037.847,"BD234SL","BD23","4SL",-2.318085,53.978579,0
1889.704,"BD234SN","BD23","4SN",-2.310057,53.987367,0
2575.074,"BD234SP","BD23","4SP",-2.301374,53.990822,0
558.5794,"BD234SQ","BD23","4SQ",-2.354285,53.994997,0
2934.169,"BD234SR","BD23","4SR",-2.301639,53.996201,0
1798.211,"BD234SS","BD23","4SS",-2.311902,54.014177,0
2418.064,"BD234ST","BD23","4ST",-2.333038,54.018057,0
1302.72,"BD234SU","BD23","4SU",-2.347158,54.011079,0
975.8058,"BD234SX","BD23","4SX",-2.366477,53.99549,0
1145.532,"BD234SY","BD23","4SY",-2.377787,53.982819,0
1492.285,"BD234TA","BD23","4TA",-2.363177,54.012212,0
181.3453,"BD234UG","BD23","4UG",-2.025887,53.957715,1
260.6182,"BD234UH","BD23","4UH",-2.227952,54.010977,1
260.6182,"BD234UJ","BD23","4UJ",-2.227952,54.010977,1
260.6182,"BD234UL","BD23","4UL",-2.227952,54.010977,1
181.3453,"BD234UN","BD23","4UN",-2.025887,53.957715,1
181.3453,"BD234UP","BD23","4UP",-2.025887,53.957715,1
181.3453,"BD234UQ","BD23","4UQ",-2.025887,53.957715,1
260.6182,"BD234UR","BD23","4UR",-2.227952,54.010977,1
260.6182,"BD234UT","BD23","4UT",-2.227952,54.010977,1
260.6182,"BD234UU","BD23","4UU",-2.227952,54.010977,1
260.1041,"BD234UW","BD23","4UW",-2.227967,54.010968,1
181.3453,"BD234UX","BD23","4UX",-2.025887,53.957715,1
1432.996,"BD234UY","BD23","4UY",-2.364661,54.011162,0
181.3453,"BD234UZ","BD23","4UZ",-2.025887,53.957715,1
181.3453,"BD234WP","BD23","4WP",-2.025887,53.957715,1
181.3453,"BD234WQ","BD23","4WQ",-2.025887,53.957715,1
181.3453,"BD234WR","BD23","4WR",-2.025887,53.957715,1
137.9434,"BD234WS","BD23","4WS",-2.282089,54.0646,1
181.3453,"BD234WT","BD23","4WT",-2.025887,53.957715,1
181.3453,"BD234WU","BD23","4WU",-2.025887,53.957715,1
181.3453,"BD234WW","BD23","4WW",-2.025887,53.957715,1
137.9434,"BD234WX","BD23","4WX",-2.282089,54.0646,1
181.3453,"BD234WY","BD23","4WY",-2.025887,53.957715,1
137.9434,"BD234WZ","BD23","4WZ",-2.282089,54.0646,1
181.3453,"BD234XA","BD23","4XA",-2.025887,53.957715,1
181.3453,"BD234ZL","BD23","4ZL",-2.025887,53.957715,1
181.3453,"BD234ZX","BD23","4ZX",-2.025887,53.957715,1
89.74217,"BD235AA","BD23","5AA",-1.996882,54.07298,1
122.1497,"BD235AB","BD23","5AB",-1.997596,54.072894,1
124.6643,"BD235AD","BD23","5AD",-1.99781,54.072229,1
118.6689,"BD235AE","BD23","5AE",-1.997687,54.07266,1
63.84406,"BD235AF","BD23","5AF",-1.996694,54.072049,1
103.1432,"BD235AG","BD23","5AG",-1.996699,54.071443,1
83.99069,"BD235AH","BD23","5AH",-1.997076,54.072067,1
80.63808,"BD235AJ","BD23","5AJ",-1.995625,54.071698,1
85.64547,"BD235AL","BD23","5AL",-1.997244,54.071519,1
83.12965,"BD235AN","BD23","5AN",-1.997581,54.071582,1
81.89414,"BD235AP","BD23","5AP",-1.997917,54.0716,1
103.4198,"BD235AQ","BD23","5AQ",-1.997295,54.071937,1
142.5315,"BD235AR","BD23","5AR",-1.998211,54.072135,1
142.1737,"BD235AS","BD23","5AS",-1.995411,54.071159,1
54.36955,"BD235AT","BD23","5AT",-1.996668,54.07262,1
53.29969,"BD235AU","BD23","5AU",-1.995502,54.072813,1
41.58995,"BD235AW","BD23","5AW",-1.995288,54.072364,1
170.8134,"BD235AX","BD23","5AX",-1.998436,54.072831,1
94.81866,"BD235AY","BD23","5AY",-1.995109,54.073339,1
42.8454,"BD235AZ","BD23","5AZ",-1.996129,54.074368,1
99.17731,"BD235BA","BD23","5BA",-1.997046,54.073873,1
173.2709,"BD235BB","BD23","5BB",-1.998161,54.074548,1
147.1422,"BD235BD","BD23","5BD",-1.993943,54.075042,0
156.7001,"BD235BE","BD23","5BE",-1.997458,54.075033,1
189.2112,"BD235BF","BD23","5BF",-2.011303,54.071806,1
95.04313,"BD235BG","BD23","5BG",-1.99705,54.074202,1
101.6187,"BD235BH","BD23","5BH",-1.997004,54.074534,1
148.9727,"BD235BJ","BD23","5BJ",-1.99674,54.075302,1
101.4836,"BD235BL","BD23","5BL",-1.999414,54.076022,1
213.5701,"BD235BN","BD23","5BN",-1.997641,54.076147,1
223.242,"BD235BP","BD23","5BP",-2.009749,54.071128,1
124.8607,"BD235BQ","BD23","5BQ",-1.996969,54.074925,1
82.27847,"BD235BS","BD23","5BS",-2.014421,54.073666,0
109.6254,"BD235BT","BD23","5BT",-2.015002,54.073306,0
353.319,"BD235BU","BD23","5BU",-2.007804,54.071411,1
177.8322,"BD235BW","BD23","5BW",-1.997325,54.075379,1
109.7805,"BD235BX","BD23","5BX",-1.991031,54.065016,0
416.1234,"BD235BY","BD23","5BY",-1.987328,54.06671,0
1148.889,"BD235BZ","BD23","5BZ",-1.977777,54.070205,0
867.7524,"BD235DA","BD23","5DA",-1.979093,54.065163,0
1233.233,"BD235DB","BD23","5DB",-1.976004,54.070105,0
168.1896,"BD235DD","BD23","5DD",-1.963678,54.063811,0
221.2718,"BD235DE","BD23","5DE",-1.962536,54.064813,0
326.5319,"BD235DF","BD23","5DF",-2.001386,54.073208,1
88.45123,"BD235DG","BD23","5DG",-1.996786,54.07044,1
286.0203,"BD235DH","BD23","5DH",-1.963325,54.065204,0
254.3458,"BD235DJ","BD23","5DJ",-1.963005,54.064988,0
1167.191,"BD235DL","BD23","5DL",-1.96505,54.073307,0
1705.315,"BD235DN","BD23","5DN",-1.970807,54.079007,0
137.7085,"BD235DP","BD23","5DP",-1.96218,54.064035,0
245.062,"BD235DQ","BD23","5DQ",-1.961741,54.065244,0
117.059,"BD235DR","BD23","5DR",-1.962058,54.063846,0
87.72654,"BD235DS","BD23","5DS",-1.96162,54.063725,0
80.28623,"BD235DT","BD23","5DT",-1.96215,54.063397,0
58.81069,"BD235DU","BD23","5DU",-1.961463,54.063451,0
72.33842,"BD235DX","BD23","5DX",-1.959738,54.061689,0
515.0074,"BD235DY","BD23","5DY",-1.960113,54.057703,0
620.1233,"BD235EA","BD23","5EA",-1.958215,54.056844,0
373.1201,"BD235EB","BD23","5EB",-1.955227,54.065147,0
3630.113,"BD235ED","BD23","5ED",-1.906166,54.072112,0
2041.109,"BD235EE","BD23","5EE",-1.928295,54.062717,0
84.93504,"BD235EF","BD23","5EF",-1.996282,54.073136,1
349.2313,"BD235EG","BD23","5EG",-2.007605,54.070134,1
2361.556,"BD235EH","BD23","5EH",-1.995377,54.097996,0
1122.694,"BD235EJ","BD23","5EJ",-2.030524,54.067434,0
279.2045,"BD235EL","BD23","5EL",-2.008889,54.071213,1
267.7865,"BD235EN","BD23","5EN",-2.010035,54.072103,1
376.7441,"BD235EP","BD23","5EP",-2.007166,54.07049,1
1979.011,"BD235EQ","BD23","5EQ",-1.97904,54.089056,0
325.0917,"BD235ER","BD23","5ER",-2.007961,54.070265,1
271.0108,"BD235ES","BD23","5ES",-2.008847,54.070822,1
164.452,"BD235ET","BD23","5ET",-2.010436,54.070579,1
21.08476,"BD235EU","BD23","5EU",-2.014302,54.070255,1
41.56694,"BD235EW","BD23","5EW",-2.013351,54.070116,1
41.97946,"BD235EX","BD23","5EX",-2.0147,54.070309,1
274.3231,"BD235EY","BD23","5EY",-2.01688,54.068552,1
301.1053,"BD235EZ","BD23","5EZ",-2.017919,54.068893,1
311.9026,"BD235FA","BD23","5FA",-2.006017,54.077352,0
114.7454,"BD235FB","BD23","5FB",-1.996332,54.07129,1
172.4712,"BD235FD","BD23","5FD",-1.998971,54.075222,1
1024.933,"BD235FE","BD23","5FE",-1.971531,54.069992,0
167.7072,"BD235GL","BD23","5GL",-1.998986,54.075276,1
304.0682,"BD235HA","BD23","5HA",-2.016849,54.068192,1
436.3952,"BD235HB","BD23","5HB",-2.018075,54.067244,1
330.0481,"BD235HD","BD23","5HD",-2.016945,54.067945,1
308.7851,"BD235HE","BD23","5HE",-2.014943,54.067658,1
72.43153,"BD235HF","BD23","5HF",-2.015143,54.070219,1
177.118,"BD235HG","BD23","5HG",-2.016304,54.069482,1
838.2419,"BD235HH","BD23","5HH",-2.00467,54.06023,0
941.2492,"BD235HJ","BD23","5HJ",-2.006553,54.060172,0
1697.223,"BD235HL","BD23","5HL",-2.002378,54.050308,0
2554.773,"BD235HN","BD23","5HN",-2.012777,54.044564,0
71.62106,"BD235HP","BD23","5HP",-2.011842,54.070436,1
801.2732,"BD235HQ","BD23","5HQ",-2.005724,54.061857,0
238.7672,"BD235HR","BD23","5HR",-2.009336,54.070022,1
80.28997,"BD235HS","BD23","5HS",-2.03,54.103034,0
1130.863,"BD235HT","BD23","5HT",-2.034779,54.125937,0
105.5958,"BD235HU","BD23","5HU",-2.03587,54.135441,0
249.0877,"BD235HW","BD23","5HW",-2.016192,54.068525,1
604.1016,"BD235HX","BD23","5HX",-2.052437,54.149918,0
3089.934,"BD235HY","BD23","5HY",-2.072906,54.168948,0
3085.287,"BD235HZ","BD23","5HZ",-2.072818,54.168933,0
1916.123,"BD235JA","BD23","5JA",-2.089913,54.190518,0
1641.581,"BD235JB","BD23","5JB",-2.093181,54.207642,0
1388.531,"BD235JD","BD23","5JD",-2.099091,54.191325,0
83.98827,"BD235JE","BD23","5JE",-2.113521,54.200246,0
2611.34,"BD235JF","BD23","5JF",-2.069793,54.164954,0
516.7297,"BD235JG","BD23","5JG",-1.959426,54.057694,0
2217.076,"BD235JH","BD23","5JH",-2.14635,54.207203,0
3546.965,"BD235JJ","BD23","5JJ",-2.164036,54.213408,0
5619.129,"BD235JL","BD23","5JL",-2.19514,54.218251,0
8073.817,"BD235JN","BD23","5JN",-2.235149,54.217356,0
6880.713,"BD235JP","BD23","5JP",-2.261043,54.20889,0
2079.569,"BD235JQ","BD23","5JQ",-2.146048,54.203396,0
6451.912,"BD235JR","BD23","5JR",-2.200608,54.228859,0
7512.417,"BD235JS","BD23","5JS",-2.213234,54.235111,0
8274.192,"BD235JT","BD23","5JT",-2.271699,54.234705,0
1963.584,"BD235JU","BD23","5JU",-2.090825,54.189031,0
7695.434,"BD235JW","BD23","5JW",-2.248373,54.213677,0
1898.542,"BD235JX","BD23","5JX",-2.090877,54.189969,0
62.2964,"BD235JY","BD23","5JY",-1.96125,54.062309,0
43.81875,"BD235LA","BD23","5LA",-1.997489,54.071159,1
30.78179,"BD235LB","BD23","5LB",-1.997779,54.070602,1
108.4007,"BD235LD","BD23","5LD",-1.996282,54.07097,1
30.24694,"BD235LE","BD23","5LE",-1.998436,54.070135,0
104.5561,"BD235LG","BD23","5LG",-1.996465,54.07124,1
284.4012,"BD235LH","BD23","5LH",-1.994433,54.067906,1
195.0206,"BD235LJ","BD23","5LJ",-1.995308,54.068612,1
244.8904,"BD235LL","BD23","5LL",-1.99425,54.069236,1
186.9565,"BD235LN","BD23","5LN",-1.995232,54.068935,1
195.5829,"BD235LP","BD23","5LP",-1.994998,54.069407,1
98.05613,"BD235LQ","BD23","5LQ",-1.997382,54.068409,1
157.649,"BD235LR","BD23","5LR",-1.995502,54.06982,1
77.72055,"BD235LS","BD23","5LS",-1.999908,54.071011,1
66.465,"BD235LT","BD23","5LT",-1.999567,54.071105,1
155.4353,"BD235LU","BD23","5LU",-1.999628,54.071995,1
280.7566,"BD235LW","BD23","5LW",-1.993811,54.068791,1
176.5134,"BD235LX","BD23","5LX",-1.998176,54.07328,1
203.3075,"BD235LY","BD23","5LY",-1.998696,54.073235,1
273.564,"BD235LZ","BD23","5LZ",-2.001416,54.072624,1
195.8727,"BD235NA","BD23","5NA",-2.000377,54.072193,1
193.5032,"BD235NB","BD23","5NB",-2.001141,54.071788,1
267.4184,"BD235ND","BD23","5ND",-2.003586,54.074458,0
259.4149,"BD235NE","BD23","5NE",-2.004763,54.076848,0
250.6879,"BD235NF","BD23","5NF",-1.999964,54.072831,1
290.4323,"BD235NG","BD23","5NG",-2.000331,54.073137,1
231.6249,"BD235NH","BD23","5NH",-2.003071,54.070355,0
297.5502,"BD235NJ","BD23","5NJ",-2.00299,54.071815,0
306.1994,"BD235NL","BD23","5NL",-2.00189,54.072777,0
371.5692,"BD235NP","BD23","5NP",-2.004839,54.068768,0
114.6207,"BD235NQ","BD23","5NQ",-2.000178,54.071357,1
1335.857,"BD235NR","BD23","5NR",-2.022146,54.059348,0
821.5532,"BD235NS","BD23","5NS",-2.022903,54.065122,0
1299.871,"BD235NT","BD23","5NT",-2.033661,54.068265,0
1678.485,"BD235NU","BD23","5NU",-2.041684,54.072572,0
1176.414,"BD235NX","BD23","5NX",-2.032957,54.070948,0
1069.553,"BD235PA","BD23","5PA",-2.029979,54.068069,0
819.2435,"BD235PB","BD23","5PB",-2.02694,54.07108,0
781.8117,"BD235PD","BD23","5PD",-2.026436,54.071242,0
824.4826,"BD235PE","BD23","5PE",-2.027582,54.071655,0
1033.195,"BD235PF","BD23","5PF",-2.030334,54.079271,0
240.5666,"BD235PG","BD23","5PG",-2.029143,54.101677,0
553.0103,"BD235PH","BD23","5PH",-2.022458,54.071103,0
1378.819,"BD235PJ","BD23","5PJ",-2.035242,54.080465,0
318.8396,"BD235PL","BD23","5PL",-2.018943,54.070169,1
1246.761,"BD235PN","BD23","5PN",-2.033773,54.079504,0
913.6707,"BD235PP","BD23","5PP",-2.026564,54.080562,0
875.8244,"BD235PQ","BD23","5PQ",-2.028342,54.071515,0
1100.285,"BD235PR","BD23","5PR",-2.038725,54.095186,0
710.5359,"BD235PS","BD23","5PS",-2.04057,54.10579,0
1234.052,"BD235PT","BD23","5PT",-2.041418,54.112701,0
2358.213,"BD235PU","BD23","5PU",-2.068778,54.12568,0
745.4957,"BD235PW","BD23","5PW",-2.041018,54.105992,0
2246.773,"BD235PX","BD23","5PX",-2.079129,54.129421,0
2065.113,"BD235PY","BD23","5PY",-2.082753,54.129621,0
1118.315,"BD235PZ","BD23","5PZ",-2.031542,54.079567,0
2213.745,"BD235QA","BD23","5QA",-2.07036,54.131292,0
105.2496,"BD235QB","BD23","5QB",-2.105452,54.143894,0
174.2759,"BD235QD","BD23","5QD",-2.104774,54.141773,0
235.3764,"BD235QE","BD23","5QE",-2.107239,54.142166,0
245.2967,"BD235QG","BD23","5QG",-2.048102,54.14788,0
2402.632,"BD235QH","BD23","5QH",-2.132422,54.157213,0
3498.165,"BD235QJ","BD23","5QJ",-2.146086,54.162994,0
5288.133,"BD235QL","BD23","5QL",-2.174406,54.167199,0
4892.404,"BD235QN","BD23","5QN",-2.185502,54.185133,0
5829.339,"BD235QP","BD23","5QP",-2.201196,54.1863,0
398.8658,"BD235QQ","BD23","5QQ",-2.108764,54.145688,0
5984.313,"BD235QR","BD23","5QR",-2.207034,54.164139,0
1347.083,"BD235QS","BD23","5QS",-2.034539,54.080645,0
188.5296,"BD235QT","BD23","5QT",-2.046735,54.147759,0
158.5304,"BD235QU","BD23","5QU",-2.04683,54.14744,0
152.6959,"BD235QX","BD23","5QX",-2.047791,54.146815,0
294.5972,"BD235QY","BD23","5QY",-2.049552,54.147579,0
231.8943,"BD235QZ","BD23","5QZ",-2.049922,54.146324,0
571.8576,"BD235RA","BD23","5RA",-2.045881,54.136633,0
185.6952,"BD235RB","BD23","5RB",-2.049003,54.146459,0
49.65049,"BD235RD","BD23","5RD",-2.046443,54.146313,0
38.66442,"BD235RE","BD23","5RE",-2.046047,54.145445,0
229.1098,"BD235RF","BD23","5RF",-2.042252,54.146516,0
75.21199,"BD235RH","BD23","5RH",-2.044606,54.146349,0
146.2443,"BD235RJ","BD23","5RJ",-2.043488,54.146314,0
253.322,"BD235RL","BD23","5RL",-2.042126,54.147042,0
112.7696,"BD235RN","BD23","5RN",-2.044518,54.146901,0
1887.657,"BD235RP","BD23","5RP",-2.028759,54.159938,0
48.99522,"BD235RQ","BD23","5RQ",-2.045314,54.146542,0
1840.696,"BD235RR","BD23","5RR",-2.071653,54.153229,0
247.5737,"BD235RS","BD23","5RS",-2.048469,54.147709,0
1141.797,"BD235RT","BD23","5RT",-2.032779,54.078417,0
1793.239,"BD235RU","BD23","5RU",-2.071927,54.151899,0
195.8407,"BD235RW","BD23","5RW",-2.047715,54.147489,0
1130.213,"BD235RX","BD23","5RX",-2.032687,54.078255,0
1192.842,"BD235RY","BD23","5RY",-2.033238,54.079001,0
118.3612,"BD235RZ","BD23","5RZ",-2.011124,54.0704,1
240.5666,"BD235TS","BD23","5TS",-2.029143,54.101677,0
1793.239,"BD235UN","BD23","5UN",-2.071927,54.151899,0
181.3453,"BD235UP","BD23","5UP",-2.025887,53.957715,1
88.45123,"BD235UQ","BD23","5UQ",-1.996786,54.07044,1
240.5666,"BD235UR","BD23","5UR",-2.029143,54.101677,0
181.3453,"BD235US","BD23","5US",-2.025887,53.957715,1
181.3453,"BD235UT","BD23","5UT",-2.025887,53.957715,1
1793.239,"BD235UU","BD23","5UU",-2.071927,54.151899,0
181.3453,"BD235UW","BD23","5UW",-2.025887,53.957715,1
181.3453,"BD235UX","BD23","5UX",-2.025887,53.957715,1
181.3453,"BD235UY","BD23","5UY",-2.025887,53.957715,1
1793.239,"BD235UZ","BD23","5UZ",-2.071927,54.151899,0
181.3453,"BD235WP","BD23","5WP",-2.025887,53.957715,1
181.3453,"BD235WQ","BD23","5WQ",-2.025887,53.957715,1
181.3453,"BD235WR","BD23","5WR",-2.025887,53.957715,1
88.45123,"BD235WS","BD23","5WS",-1.996786,54.07044,1
181.3453,"BD235WT","BD23","5WT",-2.025887,53.957715,1
88.45123,"BD235WU","BD23","5WU",-1.996786,54.07044,1
181.3453,"BD235WW","BD23","5WW",-2.025887,53.957715,1
181.3453,"BD235WX","BD23","5WX",-2.025887,53.957715,1
181.3453,"BD235WY","BD23","5WY",-2.025887,53.957715,1
181.3453,"BD235WZ","BD23","5WZ",-2.025887,53.957715,1
113.6651,"BD235YL","BD23","5YL",-2.011196,54.070395,1
181.3453,"BD235YP","BD23","5YP",-2.025887,53.957715,1
181.3453,"BD235YR","BD23","5YR",-2.025887,53.957715,1
181.3453,"BD235YT","BD23","5YT",-2.025887,53.957715,1
397.7139,"BD236AA","BD23","6AA",-2.002159,53.968125,1
861.0216,"BD236AB","BD23","6AB",-1.981004,53.970484,0
819.8537,"BD236AD","BD23","6AD",-1.954632,53.97981,0
1560.193,"BD236AE","BD23","6AE",-1.916303,53.977956,0
951.2162,"BD236AF","BD23","6AF",-1.907207,53.976624,0
318.1348,"BD236AG","BD23","6AG",-2.004857,53.96835,1
424.2523,"BD236AH","BD23","6AH",-2.004872,53.969356,1
110.2916,"BD236AJ","BD23","6AJ",-1.894112,53.974334,0
83.69028,"BD236AL","BD23","6AL",-1.890291,53.983858,0
1437.965,"BD236AN","BD23","6AN",-1.893795,53.997118,0
2911.16,"BD236AP","BD23","6AP",-1.922044,54.006361,0
927.603,"BD236AQ","BD23","6AQ",-1.906883,53.976529,0
2142.236,"BD236AR","BD23","6AR",-1.946354,54.002383,0
3828.06,"BD236AS","BD23","6AS",-1.923434,54.016181,0
3364.69,"BD236AT","BD23","6AT",-1.917445,54.009629,0
2859.811,"BD236AU","BD23","6AU",-1.92098,54.028407,0
1479.716,"BD236AW","BD23","6AW",-1.885983,53.997758,0
1262.404,"BD236AX","BD23","6AX",-1.942876,54.036238,0
334.4309,"BD236AY","BD23","6AY",-2.003165,53.967909,1
370.0747,"BD236AZ","BD23","6AZ",-2.003653,53.968521,1
410.636,"BD236BA","BD23","6BA",-1.991395,53.979773,1
1545.272,"BD236BB","BD23","6BB",-1.980627,54.052302,0
26.46682,"BD236BD","BD23","6BD",-1.951765,54.046614,0
2066.137,"BD236BE","BD23","6BE",-2.02288,54.05254,0
392.1956,"BD236BG","BD23","6BG",-2.001599,54.066153,0
667.2507,"BD236BH","BD23","6BH",-1.990798,54.058451,0
1549.202,"BD236BJ","BD23","6BJ",-1.981716,54.051921,0
781.9539,"BD236BL","BD23","6BL",-1.961579,54.053726,0
50.69128,"BD236BN","BD23","6BN",-1.952867,54.049028,0
82.78659,"BD236BP","BD23","6BP",-1.951686,54.048645,0
291.1789,"BD236BQ","BD23","6BQ",-1.999052,54.065125,0
24.85321,"BD236BS","BD23","6BS",-1.953283,54.04564,0
204.6864,"BD236BT","BD23","6BT",-1.953417,54.044017,0
61.55753,"BD236BU","BD23","6BU",-1.952075,54.047068,0
119.7835,"BD236BW","BD23","6BW",-1.951901,54.047584,0
602.0356,"BD236BX","BD23","6BX",-1.943041,54.049513,0
762.2887,"BD236BY","BD23","6BY",-1.940971,54.044506,0
146.5705,"BD236BZ","BD23","6BZ",-1.953849,54.044597,0
2293.729,"BD236DA","BD23","6DA",-1.920872,54.037106,0
2350.932,"BD236DB","BD23","6DB",-1.919532,54.037542,0
2311.375,"BD236DD","BD23","6DD",-1.920903,54.036729,0
3633.649,"BD236DE","BD23","6DE",-1.896948,54.042283,0
3444.949,"BD236DF","BD23","6DF",-1.900808,54.039335,0
3638.781,"BD236DG","BD23","6DG",-1.896417,54.047388,0
3607.425,"BD236DH","BD23","6DH",-1.911004,54.024858,0
3724.645,"BD236DJ","BD23","6DJ",-1.903194,54.02931,0
3429.939,"BD236DL","BD23","6DL",-1.901232,54.03889,0
211.2306,"BD236DN","BD23","6DN",-2.006385,53.967573,0
231.8879,"BD236DP","BD23","6DP",-2.006934,53.967753,0
3314.899,"BD236DQ","BD23","6DQ",-1.908935,54.030857,0
934.5959,"BD236DR","BD23","6DR",-1.983366,53.961959,0
2054.99,"BD236DS","BD23","6DS",-1.963245,53.965046,0
1822.978,"BD236DT","BD23","6DT",-1.949117,53.967131,0
1870.289,"BD236DU","BD23","6DU",-1.943291,53.966368,0
1861.079,"BD236DW","BD23","6DW",-1.928607,53.960078,0
1716.812,"BD236DX","BD23","6DX",-1.919209,53.96551,0
1829.697,"BD236DY","BD23","6DY",-1.941434,53.966777,0
1624.014,"BD236DZ","BD23","6DZ",-1.9428,53.968588,0
1731.439,"BD236EA","BD23","6EA",-1.94146,53.967662,0
1582.801,"BD236EB","BD23","6EB",-1.942174,53.968974,0
1258.866,"BD236ED","BD23","6ED",-1.937856,53.972298,0
1523.414,"BD236EE","BD23","6EE",-1.941442,53.96954,0
1502.877,"BD236EF","BD23","6EF",-1.941548,53.96972,0
1430.957,"BD236EG","BD23","6EG",-1.941776,53.970358,0
422.2139,"BD236EH","BD23","6EH",-1.936961,53.981721,0
276.3657,"BD236EJ","BD23","6EJ",-1.938678,53.983434,0
588.8159,"BD236EL","BD23","6EL",-1.950725,53.986338,0
582.9265,"BD236EN","BD23","6EN",-2.006596,53.976645,0
844.498,"BD236EP","BD23","6EP",-2.023936,53.983285,0
1820.938,"BD236EQ","BD23","6EQ",-1.94398,53.966814,0
2145.435,"BD236ER","BD23","6ER",-2.046733,54.005986,0
1335.972,"BD236ES","BD23","6ES",-1.972506,53.997332,0
181.3453,"BD236ET","BD23","6ET",-2.025887,53.957715,1
73.39022,"BD236EU","BD23","6EU",-1.942032,53.983651,0
966.0011,"BD236EW","BD23","6EW",-1.954304,53.977271,0
294.4212,"BD236EX","BD23","6EX",-1.891094,53.981491,0
300.0496,"BD236EY","BD23","6EY",-1.892492,53.98208,0
667.7346,"BD236EZ","BD23","6EZ",-1.898536,53.986067,0
217.5667,"BD236FB","BD23","6FB",-2.007209,53.9676,0
1185.364,"BD236HA","BD23","6HA",-1.907042,53.980618,0
56.63292,"BD236HB","BD23","6HB",-1.894512,53.973112,0
314.9872,"BD236HD","BD23","6HD",-1.889545,53.971993,0
948.2971,"BD236HE","BD23","6HE",-1.879329,53.972532,0
984.0005,"BD236HF","BD23","6HF",-1.878796,53.972441,0
905.0922,"BD236HH","BD23","6HH",-1.882358,53.968751,0
884.391,"BD236HJ","BD23","6HJ",-1.882179,53.967268,0
827.4783,"BD236HL","BD23","6HL",-1.880813,53.966741,0
384.695,"BD236HN","BD23","6HN",-1.875997,53.960089,0
1054.302,"BD236HP","BD23","6HP",-1.876434,53.968274,0
1163.034,"BD236HQ","BD23","6HQ",-1.875977,53.973271,0
1814.856,"BD236HR","BD23","6HR",-1.86156,53.970526,0
796.956,"BD236HT","BD23","6HT",-1.881084,53.966476,0
602.6236,"BD236HU","BD23","6HU",-1.878242,53.984448,0
983.0343,"BD236HX","BD23","6HX",-1.872595,53.982462,0
755.097,"BD236HY","BD23","6HY",-1.878684,53.979497,0
1215,"BD236HZ","BD23","6HZ",-1.875183,53.973495,0
1453.608,"BD236JA","BD23","6JA",-1.871624,53.974546,0
1783.811,"BD236JB","BD23","6JB",-1.866491,53.973013,0
1699.329,"BD236JD","BD23","6JD",-1.862828,53.978994,0
2154.995,"BD236JE","BD23","6JE",-1.85643,53.977342,0
1528.386,"BD236JG","BD23","6JG",-1.864609,53.980934,0
1656.522,"BD236JH","BD23","6JH",-1.862649,53.987074,0
2091.836,"BD236JJ","BD23","6JJ",-1.855488,53.985124,0
2797.151,"BD236JL","BD23","6JL",-1.844813,53.986222,0
3817.028,"BD236JN","BD23","6JN",-1.829314,53.987279,0
3324.369,"BD236JP","BD23","6JP",-1.81304,53.991273,0
1903.628,"BD236JQ","BD23","6JQ",-1.858445,53.982257,0
2380.463,"BD236JR","BD23","6JR",-1.856383,53.995209,0
3526.132,"BD236JS","BD23","6JS",-1.866636,54.013493,0
1152.092,"BD236JT","BD23","6JT",-1.872615,53.989637,0
3869.091,"BD236JW","BD23","6JW",-1.824764,53.991402,0
1174.15,"BD236LA","BD23","6LA",-2.036746,54.036255,0
1341.014,"BD236LB","BD23","6LB",-2.035006,54.03746,0
2258.427,"BD236LD","BD23","6LD",-2.023405,54.042118,0
1393.523,"BD236LE","BD23","6LE",-2.03356,54.036953,0
1317.237,"BD236LF","BD23","6LF",-2.034288,54.036292,0
1223.139,"BD236LG","BD23","6LG",-2.035585,54.035923,0
222.4128,"BD236LH","BD23","6LH",-2.047542,54.024351,0
393.9664,"BD236LJ","BD23","6LJ",-2.050152,54.024018,0
493.0004,"BD236LL","BD23","6LL",-2.050445,54.022513,0
512.0064,"BD236LN","BD23","6LN",-2.050425,54.022229,0
604.4066,"BD236LP","BD23","6LP",-2.059224,54.027348,0
751.6352,"BD236LQ","BD23","6LQ",-2.042195,54.034195,0
800.3419,"BD236LR","BD23","6LR",-2.059973,54.02534,0
696.6334,"BD236LS","BD23","6LS",-2.059578,54.026373,0
885.4317,"BD236LT","BD23","6LT",-2.061316,54.025006,0
1023.834,"BD236LU","BD23","6LU",-2.062989,54.024218,0
522.4857,"BD236LW","BD23","6LW",-2.055559,54.026658,0
831.9695,"BD236LX","BD23","6LX",-2.061175,54.025586,0
41.09049,"BD236LY","BD23","6LY",-2.052146,54.031306,0
1017.705,"BD236NA","BD23","6NA",-2.055821,54.03986,0
3269.028,"BD236NB","BD23","6NB",-2.078699,54.055922,0
3675.256,"BD236ND","BD23","6ND",-2.076642,54.060745,0
4668.75,"BD236NE","BD23","6NE",-2.089808,54.080446,0
466.3648,"BD236NF","BD23","6NF",-1.992493,53.97971,1
378.6116,"BD236NG","BD23","6NG",-1.991883,53.978605,1
740.4053,"BD236NH","BD23","6NH",-2.060917,54.026628,0
935.0903,"BD236NJ","BD23","6NJ",-2.06102,54.024282,0
454.8873,"BD236NL","BD23","6NL",-1.992249,53.979746,1
500.5071,"BD236NN","BD23","6NN",-1.993778,53.976408,1
652.9708,"BD236NP","BD23","6NP",-1.996263,53.976731,1
435.0587,"BD236NQ","BD23","6NQ",-1.992035,53.979611,1
561.6279,"BD236NR","BD23","6NR",-1.994948,53.977239,1
511.3114,"BD236NS","BD23","6NS",-1.994144,53.977028,1
455.3943,"BD236NT","BD23","6NT",-1.993255,53.976915,1
516.9964,"BD236NU","BD23","6NU",-1.994124,53.978479,1
773.6342,"BD236NW","BD23","6NW",-1.998073,53.976511,1
587.1994,"BD236NX","BD23","6NX",-1.995268,53.97829,1
654.7019,"BD236PA","BD23","6PA",-1.99635,53.978066,1
638.3418,"BD236PB","BD23","6PB",-1.996137,53.977481,1
733.6829,"BD236PD","BD23","6PD",-1.99754,53.976897,1
709.6649,"BD236PE","BD23","6PE",-1.99722,53.977302,1
696.249,"BD236PF","BD23","6PF",-1.996915,53.976663,1
751.2525,"BD236PH","BD23","6PH",-1.994628,53.972853,0
498.8235,"BD236PJ","BD23","6PJ",-1.986243,53.973068,0
726.3754,"BD236PN","BD23","6PN",-1.995542,53.981427,0
798.4696,"BD236PP","BD23","6PP",-2.013338,53.984689,0
1102.125,"BD236PR","BD23","6PR",-1.99943,53.98602,0
844.2288,"BD236PT","BD23","6PT",-1.998439,53.980259,0
692.8934,"BD236PX","BD23","6PX",-1.996797,53.976426,1
745.7687,"BD236PY","BD23","6PY",-1.997525,53.976142,1
852.5181,"BD236PZ","BD23","6PZ",-1.999064,53.975792,1
212.0783,"BD236QA","BD23","6QA",-1.988243,53.979113,1
203.7264,"BD236QB","BD23","6QB",-1.988731,53.978753,1
238.3259,"BD236QD","BD23","6QD",-1.990012,53.977702,1
355.1649,"BD236QE","BD23","6QE",-1.991685,53.976879,1
371.2493,"BD236QF","BD23","6QF",-1.99204,53.977324,1
765.9441,"BD236QG","BD23","6QG",-1.996976,53.974623,1
437.6767,"BD236QH","BD23","6QH",-1.992741,53.976336,1
469.1877,"BD236QJ","BD23","6QJ",-1.99321,53.976268,1
572.4559,"BD236QL","BD23","6QL",-1.994571,53.975743,1
740.1809,"BD236QN","BD23","6QN",-1.997052,53.975342,1
654.1502,"BD236QP","BD23","6QP",-1.996091,53.976151,1
371.1485,"BD236QQ","BD23","6QQ",-1.991792,53.976555,1
372.2279,"BD236QR","BD23","6QR",-1.992055,53.977324,1
697.2848,"BD236QS","BD23","6QS",-1.996046,53.974911,1
503.9966,"BD236QT","BD23","6QT",-1.993519,53.975851,1
558.812,"BD236QU","BD23","6QU",-1.994094,53.975396,1
587.2643,"BD236QW","BD23","6QW",-1.994963,53.976007,1
212.0644,"BD236QX","BD23","6QX",-1.989611,53.977418,1
846.9497,"BD236QY","BD23","6QY",-1.999186,53.97643,1
782.2415,"BD236QZ","BD23","6QZ",-1.998028,53.975962,1
248.0062,"BD236RA","BD23","6RA",-1.988121,53.979922,1
230.0381,"BD236RB","BD23","6RB",-1.98801,53.980366,1
69.56117,"BD236RD","BD23","6RD",-1.985524,53.980824,1
108.6767,"BD236RE","BD23","6RE",-1.986164,53.980482,1
172.2311,"BD236RF","BD23","6RF",-1.986683,53.979737,1
61.10317,"BD236RG","BD23","6RG",-1.983759,53.981278,1
390.8992,"BD236RH","BD23","6RH",-1.990449,53.980177,1
321.2627,"BD236RJ","BD23","6RJ",-1.989325,53.980021,1
327.859,"BD236RL","BD23","6RL",-1.991033,53.978646,1
317.5809,"BD236RN","BD23","6RN",-1.991232,53.977603,1
238.401,"BD236RP","BD23","6RP",-1.989901,53.978101,1
347.9307,"BD236RQ","BD23","6RQ",-1.989748,53.980042,1
94.6844,"BD236RR","BD23","6RR",-1.985677,53.979197,1
134.4306,"BD236RS","BD23","6RS",-1.986119,53.979476,1
75.29336,"BD236RT","BD23","6RT",-1.984884,53.979467,1
153.213,"BD236RU","BD23","6RU",-1.982383,53.979628,1
262.2994,"BD236RW","BD23","6RW",-1.990042,53.978511,1
89.16304,"BD236RX","BD23","6RX",-1.983542,53.98006,1
67.90872,"BD236RY","BD23","6RY",-1.984472,53.979476,1
32.21909,"BD236RZ","BD23","6RZ",-1.984533,53.98033,1
131.3909,"BD236SA","BD23","6SA",-1.982627,53.980221,1
146.5368,"BD236SB","BD23","6SB",-1.982277,53.979385,1
198.162,"BD236SD","BD23","6SD",-1.981407,53.980859,1
91.50166,"BD236SE","BD23","6SE",-1.983683,53.981593,1
275.2818,"BD236SF","BD23","6SF",-1.982198,53.985488,0
232.2868,"BD236SG","BD23","6SG",-1.981163,53.979934,1
196.4032,"BD236SH","BD23","6SH",-1.977989,53.985245,0
523.1183,"BD236SJ","BD23","6SJ",-1.977076,53.98995,0
210.9332,"BD236SL","BD23","6SL",-1.971904,53.985945,0
145.8427,"BD236SN","BD23","6SN",-1.97288,53.985819,0
111.0707,"BD236SP","BD23","6SP",-1.974378,53.986337,0
162.5923,"BD236SQ","BD23","6SQ",-1.982017,53.980563,1
902.2673,"BD236SR","BD23","6SR",-1.9614,53.986792,0
986.7862,"BD236SW","BD23","6SW",-1.963364,53.991061,0
845.0439,"BD236UX","BD23","6UX",-1.964885,53.99014,0
181.3453,"BD236WA","BD23","6WA",-2.025887,53.957715,1
181.3453,"BD236WB","BD23","6WB",-2.025887,53.957715,1
181.3453,"BD236WW","BD23","6WW",-2.025887,53.957715,1
181.3453,"BD236WX","BD23","6WX",-2.025887,53.957715,1
988.8338,"BD236WY","BD23","6WY",-1.963329,53.991065,0
88.45123,"BD236WZ","BD23","6WZ",-1.996786,54.07044,1
501.2182,"BD236XA","BD23","6XA",-2.004659,53.970039,0
567.4743,"BD236XB","BD23","6XB",-2.003745,53.970498,0
419.2704,"BD236XD","BD23","6XD",-2.001824,53.968197,1
464.5024,"BD236XE","BD23","6XE",-2.003729,53.9695,0
522.9997,"BD236XF","BD23","6XF",-2.002906,53.969851,0
469.097,"BD236XG","BD23","6XG",-2.003165,53.969383,1
486.5897,"BD236XH","BD23","6XH",-2.001828,53.969038,1
542.5882,"BD236XJ","BD23","6XJ",-2.001752,53.96964,0
528.047,"BD236YF","BD23","6YF",-1.977056,53.989999,0
181.3453,"BD236YG","BD23","6YG",-2.025887,53.957715,1
181.3453,"BD236YH","BD23","6YH",-2.025887,53.957715,1
181.3453,"BD236YJ","BD23","6YJ",-2.025887,53.957715,1
528.047,"BD236YL","BD23","6YL",-1.977056,53.989999,0
88.45123,"BD236YN","BD23","6YN",-1.996786,54.07044,1
527.0793,"BD236YP","BD23","6YP",-1.977056,53.98999,0
528.047,"BD236YQ","BD23","6YQ",-1.977056,53.989999,0
181.3453,"BD236YR","BD23","6YR",-2.025887,53.957715,1
181.3453,"BD236YS","BD23","6YS",-2.025887,53.957715,1
528.047,"BD236YT","BD23","6YT",-1.977056,53.989999,0
845.0439,"BD236YU","BD23","6YU",-1.964885,53.99014,0
181.3453,"BD236YW","BD23","6YW",-2.025887,53.957715,1
181.3453,"BD236YX","BD23","6YX",-2.025887,53.957715,1
845.0439,"BD236YY","BD23","6YY",-1.964885,53.99014,0
869.6319,"BD236YZ","BD23","6YZ",-1.961838,53.986544,0
181.3453,"BD236ZE","BD23","6ZE",-2.025887,53.957715,1
181.3453,"BD239AA","BD23","9AA",-2.025887,53.957715,1
181.3453,"BD239AB","BD23","9AB",-2.025887,53.957715,1
181.3453,"BD239AD","BD23","9AD",-2.025887,53.957715,1
181.3453,"BD239AE","BD23","9AE",-2.025887,53.957715,1
181.3453,"BD239AF","BD23","9AF",-2.025887,53.957715,1
181.3453,"BD239AG","BD23","9AG",-2.025887,53.957715,1
181.3453,"BD239AH","BD23","9AH",-2.025887,53.957715,1
181.3453,"BD239AJ","BD23","9AJ",-2.025887,53.957715,1
181.3453,"BD239AL","BD23","9AL",-2.025887,53.957715,1
181.3453,"BD239AN","BD23","9AN",-2.025887,53.957715,1
181.3453,"BD239AP","BD23","9AP",-2.025887,53.957715,1
181.3453,"BD239AQ","BD23","9AQ",-2.025887,53.957715,1
181.3453,"BD239AR","BD23","9AR",-2.025887,53.957715,1
181.3453,"BD239AS","BD23","9AS",-2.025887,53.957715,1
181.3453,"BD239AT","BD23","9AT",-2.025887,53.957715,1
181.3453,"BD239AU","BD23","9AU",-2.025887,53.957715,1
181.3453,"BD239AW","BD23","9AW",-2.025887,53.957715,1
181.3453,"BD239AX","BD23","9AX",-2.025887,53.957715,1
181.3453,"BD239AY","BD23","9AY",-2.025887,53.957715,1
181.3453,"BD239AZ","BD23","9AZ",-2.025887,53.957715,1
181.3453,"BD239BA","BD23","9BA",-2.025887,53.957715,1
181.3453,"BD239BB","BD23","9BB",-2.025887,53.957715,1
181.3453,"BD239BE","BD23","9BE",-2.025887,53.957715,1
181.3453,"BD239BF","BD23","9BF",-2.025887,53.957715,1
181.3453,"BD239BG","BD23","9BG",-2.025887,53.957715,1
181.3453,"BD239BH","BD23","9BH",-2.025887,53.957715,1
181.3453,"BD239BJ","BD23","9BJ",-2.025887,53.957715,1
181.3453,"BD239BL","BD23","9BL",-2.025887,53.957715,1
181.3453,"BD239BN","BD23","9BN",-2.025887,53.957715,1
181.3453,"BD239BP","BD23","9BP",-2.025887,53.957715,1
181.3453,"BD239BQ","BD23","9BQ",-2.025887,53.957715,1
181.3453,"BD239BR","BD23","9BR",-2.025887,53.957715,1
181.3453,"BD239BS","BD23","9BS",-2.025887,53.957715,1
181.3453,"BD239BT","BD23","9BT",-2.025887,53.957715,1
181.3453,"BD239BU","BD23","9BU",-2.025887,53.957715,1
181.3453,"BD239BW","BD23","9BW",-2.025887,53.957715,1
181.3453,"BD239BX","BD23","9BX",-2.025887,53.957715,1
181.3453,"BD239BY","BD23","9BY",-2.025887,53.957715,1
181.3453,"BD239BZ","BD23","9BZ",-2.025887,53.957715,1
181.3453,"BD239DA","BD23","9DA",-2.025887,53.957715,1
181.3453,"BD239DB","BD23","9DB",-2.025887,53.957715,1
181.3453,"BD239DD","BD23","9DD",-2.025887,53.957715,1
181.3453,"BD239DE","BD23","9DE",-2.025887,53.957715,1
181.3453,"BD239DF","BD23","9DF",-2.025887,53.957715,1
181.3453,"BD239DG","BD23","9DG",-2.025887,53.957715,1
181.3453,"BD239DH","BD23","9DH",-2.025887,53.957715,1
181.3453,"BD239DJ","BD23","9DJ",-2.025887,53.957715,1
181.3453,"BD239DL","BD23","9DL",-2.025887,53.957715,1
181.3453,"BD239DN","BD23","9DN",-2.025887,53.957715,1
181.3453,"BD239DP","BD23","9DP",-2.025887,53.957715,1
181.3453,"BD239DQ","BD23","9DQ",-2.025887,53.957715,1
181.3453,"BD239DR","BD23","9DR",-2.025887,53.957715,1
181.3453,"BD239DS","BD23","9DS",-2.025887,53.957715,1
181.3453,"BD239DT","BD23","9DT",-2.025887,53.957715,1
181.3453,"BD239DU","BD23","9DU",-2.025887,53.957715,1
181.3453,"BD239DW","BD23","9DW",-2.025887,53.957715,1
182.4229,"BD239DX","BD23","9DX",-2.025891,53.957729,1
181.3453,"BD239DY","BD23","9DY",-2.025887,53.957715,1
181.3453,"BD239DZ","BD23","9DZ",-2.025887,53.957715,1
181.3453,"BD239EA","BD23","9EA",-2.025887,53.957715,1
181.3453,"BD239EB","BD23","9EB",-2.025887,53.957715,1
181.3453,"BD239EE","BD23","9EE",-2.025887,53.957715,1
181.3453,"BD239EF","BD23","9EF",-2.025887,53.957715,1
181.3453,"BD239EG","BD23","9EG",-2.025887,53.957715,1
181.3453,"BD239EH","BD23","9EH",-2.025887,53.957715,1
181.3453,"BD239EJ","BD23","9EJ",-2.025887,53.957715,1
181.3453,"BD239EL","BD23","9EL",-2.025887,53.957715,1
181.3453,"BD239EN","BD23","9EN",-2.025887,53.957715,1
181.3453,"BD239EP","BD23","9EP",-2.025887,53.957715,1
181.3453,"BD239EQ","BD23","9EQ",-2.025887,53.957715,1
181.3453,"BD239ER","BD23","9ER",-2.025887,53.957715,1
181.3453,"BD239ES","BD23","9ES",-2.025887,53.957715,1
181.3453,"BD239ET","BD23","9ET",-2.025887,53.957715,1
181.3453,"BD239EU","BD23","9EU",-2.025887,53.957715,1
181.3453,"BD239EW","BD23","9EW",-2.025887,53.957715,1
182.4229,"BD239EX","BD23","9EX",-2.025891,53.957729,1
182.4229,"BD239EY","BD23","9EY",-2.025891,53.957729,1
182.4229,"BD239EZ","BD23","9EZ",-2.025891,53.957729,1
182.4229,"BD239FA","BD23","9FA",-2.025891,53.957729,1
182.4229,"BD239FB","BD23","9FB",-2.025891,53.957729,1
182.4229,"BD239FD","BD23","9FD",-2.025891,53.957729,1
182.4229,"BD239FE","BD23","9FE",-2.025891,53.957729,1
182.4229,"BD239FF","BD23","9FF",-2.025891,53.957729,1
182.4229,"BD239FG","BD23","9FG",-2.025891,53.957729,1
182.4229,"BD239FH","BD23","9FH",-2.025891,53.957729,1
182.4229,"BD239FJ","BD23","9FJ",-2.025891,53.957729,1
182.4229,"BD239FL","BD23","9FL",-2.025891,53.957729,1
182.4229,"BD239FP","BD23","9FP",-2.025891,53.957729,1
182.4229,"BD239FQ","BD23","9FQ",-2.025891,53.957729,1
182.4229,"BD239FR","BD23","9FR",-2.025891,53.957729,1
182.4229,"BD239FS","BD23","9FS",-2.025891,53.957729,1
182.4229,"BD239FT","BD23","9FT",-2.025891,53.957729,1
138.7523,"BD239SA","BD23","9SA",-2.022947,53.96016,1
138.7523,"BD239SB","BD23","9SB",-2.022947,53.96016,1
138.7523,"BD239SD","BD23","9SD",-2.022947,53.96016,1
138.7523,"BD239SE","BD23","9SE",-2.022947,53.96016,1
138.7523,"BD239SF","BD23","9SF",-2.022947,53.96016,1
138.7523,"BD239SG","BD23","9SG",-2.022947,53.96016,1
138.7523,"BD239SH","BD23","9SH",-2.022947,53.96016,1
138.7523,"BD239SJ","BD23","9SJ",-2.022947,53.96016,1
138.7523,"BD239SL","BD23","9SL",-2.022947,53.96016,1
138.7523,"BD239SN","BD23","9SN",-2.022947,53.96016,1
138.7523,"BD239SP","BD23","9SP",-2.022947,53.96016,1
138.7523,"BD239SQ","BD23","9SQ",-2.022947,53.96016,1
138.7523,"BD239SR","BD23","9SR",-2.022947,53.96016,1
138.7523,"BD239SS","BD23","9SS",-2.022947,53.96016,1
138.7523,"BD239ST","BD23","9ST",-2.022947,53.96016,1
138.7523,"BD239SU","BD23","9SU",-2.022947,53.96016,1
138.7523,"BD239SW","BD23","9SW",-2.022947,53.96016,1
138.7523,"BD239SX","BD23","9SX",-2.022947,53.96016,1
138.7523,"BD239SY","BD23","9SY",-2.022947,53.96016,1
138.7523,"BD239SZ","BD23","9SZ",-2.022947,53.96016,1
181.3453,"BD239ZZ","BD23","9ZZ",-2.025887,53.957715,1
