"dist_to_nearest_pags","postcode","postcode_start","postcode_end","long","lat","urban"
296.1097,"EH91AB","EH9","1AB",-3.175201,55.935223,1
35.01222,"EH91AF","EH9","1AF",-3.193589,55.934593,1
34.60042,"EH91AG","EH9","1AG",-3.193349,55.935099,1
94.75223,"EH91AH","EH9","1AH",-3.194581,55.935078,1
95.82762,"EH91AJ","EH9","1AJ",-3.19589,55.934957,1
134.6735,"EH91AL","EH9","1AL",-3.195403,55.935276,1
159.5672,"EH91AN","EH9","1AN",-3.195319,55.935655,1
55.20762,"EH91AP","EH9","1AP",-3.196809,55.935191,1
93.92025,"EH91AQ","EH9","1AQ",-3.19455,55.935105,1
101.5031,"EH91AR","EH9","1AR",-3.198279,55.935599,1
183.4789,"EH91AS","EH9","1AS",-3.200054,55.935555,1
147.4114,"EH91AT","EH9","1AT",-3.201098,55.935661,1
259.1189,"EH91AU","EH9","1AU",-3.187059,55.937226,1
104.9067,"EH91AW","EH9","1AW",-3.196567,55.935643,1
117.7127,"EH91AX","EH9","1AX",-3.201915,55.935689,1
102.7888,"EH91AY","EH9","1AY",-3.199029,55.935008,1
246.0227,"EH91AZ","EH9","1AZ",-3.20224,55.934284,1
134.5606,"EH91BA","EH9","1BA",-3.195387,55.93525,1
191.9016,"EH91BB","EH9","1BB",-3.200037,55.933924,1
85.77613,"EH91BD","EH9","1BD",-3.2021,55.935957,1
74.07983,"EH91BE","EH9","1BE",-3.194818,55.934464,1
111.5078,"EH91BF","EH9","1BF",-3.202683,55.935664,1
156.5153,"EH91BG","EH9","1BG",-3.194703,55.935912,1
181.7119,"EH91BH","EH9","1BH",-3.195491,55.936057,1
151.4172,"EH91BJ","EH9","1BJ",-3.19634,55.936049,1
189.6095,"EH91BL","EH9","1BL",-3.196593,55.936469,1
225.5605,"EH91BN","EH9","1BN",-3.19641,55.936776,1
182.0006,"EH91BP","EH9","1BP",-3.196667,55.937852,1
226.4052,"EH91BQ","EH9","1BQ",-3.195361,55.936508,1
185.5089,"EH91BR","EH9","1BR",-3.195916,55.937877,1
256.8328,"EH91BS","EH9","1BS",-3.195736,55.937241,1
242.2016,"EH91BT","EH9","1BT",-3.195641,55.936766,1
74.07983,"EH91BU","EH9","1BU",-3.194818,55.934464,1
235.9527,"EH91BW","EH9","1BW",-3.196556,55.937368,1
185.111,"EH91BX","EH9","1BX",-3.195411,55.936058,1
122.5338,"EH91BY","EH9","1BY",-3.196959,55.935899,1
125.0644,"EH91BZ","EH9","1BZ",-3.197729,55.935937,1
139.6141,"EH91DA","EH9","1DA",-3.198275,55.935985,1
183.0173,"EH91DB","EH9","1DB",-3.19816,55.936418,1
174.7503,"EH91DD","EH9","1DD",-3.199854,55.936851,1
231.3261,"EH91DE","EH9","1DE",-3.198683,55.936781,1
199.5793,"EH91DF","EH9","1DF",-3.198835,55.937552,1
171.6726,"EH91DG","EH9","1DG",-3.197421,55.937881,1
255.9949,"EH91DH","EH9","1DH",-3.197253,55.937127,1
203.6727,"EH91DJ","EH9","1DJ",-3.197143,55.936652,1
210.5416,"EH91DL","EH9","1DL",-3.197912,55.936699,1
157.8663,"EH91DN","EH9","1DN",-3.198368,55.937979,1
223.4725,"EH91DQ","EH9","1DQ",-3.198062,55.93738,1
120.3269,"EH91DS","EH9","1DS",-3.201133,55.937809,1
54.65505,"EH91DT","EH9","1DT",-3.20234,55.937509,1
47.11003,"EH91DU","EH9","1DU",-3.20294,55.937755,1
53.18923,"EH91DW","EH9","1DW",-3.202751,55.937856,1
59.88057,"EH91DX","EH9","1DX",-3.202578,55.937947,1
72.41959,"EH91DY","EH9","1DY",-3.202486,55.938604,1
58.38708,"EH91EA","EH9","1EA",-3.201392,55.938417,1
49.96198,"EH91EB","EH9","1EB",-3.200187,55.938806,1
95.85046,"EH91ED","EH9","1ED",-3.199438,55.938921,1
57.35532,"EH91EE","EH9","1EE",-3.198753,55.939036,1
33.20199,"EH91EF","EH9","1EF",-3.197508,55.939165,1
33.34261,"EH91EG","EH9","1EG",-3.196887,55.939211,1
175.871,"EH91EH","EH9","1EH",-3.188648,55.937373,1
77.86358,"EH91EJ","EH9","1EJ",-3.20092,55.938188,1
74.36888,"EH91EL","EH9","1EL",-3.20019,55.938384,1
117.8321,"EH91EN","EH9","1EN",-3.199481,55.938238,1
62.78706,"EH91EP","EH9","1EP",-3.198427,55.938859,1
37.0865,"EH91EQ","EH9","1EQ",-3.202561,55.937408,1
55.05364,"EH91ER","EH9","1ER",-3.197677,55.93892,1
99.89089,"EH91ES","EH9","1ES",-3.197107,55.938603,1
145.2774,"EH91ET","EH9","1ET",-3.197173,55.938153,1
111.6846,"EH91EU","EH9","1EU",-3.19581,55.938588,1
114.1773,"EH91EW","EH9","1EW",-3.19867,55.938417,1
159.0757,"EH91EX","EH9","1EX",-3.195732,55.938158,1
74.07983,"EH91GA","EH9","1GA",-3.194818,55.934464,1
74.07983,"EH91GE","EH9","1GE",-3.194818,55.934464,1
57.04982,"EH91GZ","EH9","1GZ",-3.201376,55.938426,1
68.70506,"EH91HA","EH9","1HA",-3.193788,55.93531,1
121.8849,"EH91HB","EH9","1HB",-3.193899,55.935821,1
190.2561,"EH91HD","EH9","1HD",-3.193616,55.936507,1
116.2056,"EH91HE","EH9","1HE",-3.192979,55.937124,1
159.552,"EH91HF","EH9","1HF",-3.19378,55.937143,1
83.87385,"EH91HG","EH9","1HG",-3.192758,55.937737,1
165.7284,"EH91HH","EH9","1HH",-3.194095,55.93803,1
161.03,"EH91HJ","EH9","1HJ",-3.194092,55.938425,1
148.7738,"EH91HL","EH9","1HL",-3.193781,55.938743,1
106.7117,"EH91HN","EH9","1HN",-3.194098,55.939162,1
196.3815,"EH91HP","EH9","1HP",-3.194987,55.937859,1
129.8284,"EH91HQ","EH9","1HQ",-3.193511,55.937784,1
228.1918,"EH91HR","EH9","1HR",-3.194868,55.93662,1
229.3798,"EH91HS","EH9","1HS",-3.19507,55.937445,1
182.8749,"EH91HT","EH9","1HT",-3.194265,55.9373,1
185.104,"EH91HU","EH9","1HU",-3.194413,55.937937,1
190.529,"EH91HW","EH9","1HW",-3.194781,55.937942,1
187.5975,"EH91HX","EH9","1HX",-3.195165,55.937921,1
84.01616,"EH91HY","EH9","1HY",-3.194656,55.939067,1
80.97379,"EH91HZ","EH9","1HZ",-3.195402,55.938871,1
41.28226,"EH91JA","EH9","1JA",-3.196023,55.939287,1
136.1623,"EH91JB","EH9","1JB",-3.193284,55.939224,1
125.5696,"EH91JD","EH9","1JD",-3.192994,55.938642,1
89.32031,"EH91JE","EH9","1JE",-3.192711,55.938295,1
63.40772,"EH91JG","EH9","1JG",-3.192459,55.937929,1
70.84173,"EH91JH","EH9","1JH",-3.192359,55.938298,1
56.94934,"EH91JJ","EH9","1JJ",-3.191706,55.938412,1
90.84907,"EH91JL","EH9","1JL",-3.191155,55.938723,1
98.58752,"EH91JN","EH9","1JN",-3.192084,55.938732,1
141.4257,"EH91JP","EH9","1JP",-3.193069,55.939028,1
33.50953,"EH91JQ","EH9","1JQ",-3.191979,55.937924,1
118.7979,"EH91JR","EH9","1JR",-3.192948,55.939245,1
108.388,"EH91JS","EH9","1JS",-3.192061,55.939047,1
76.14171,"EH91JT","EH9","1JT",-3.191717,55.939302,1
89.92005,"EH91JU","EH9","1JU",-3.191202,55.939199,1
135.4735,"EH91JW","EH9","1JW",-3.192887,55.938832,1
78.34077,"EH91JX","EH9","1JX",-3.190856,55.9394,1
70.06864,"EH91JY","EH9","1JY",-3.192381,55.939547,1
68.15006,"EH91JZ","EH9","1JZ",-3.194407,55.939824,1
74.50337,"EH91LA","EH9","1LA",-3.19183,55.939328,1
86.49223,"EH91LB","EH9","1LB",-3.192668,55.939508,1
110.9766,"EH91LD","EH9","1LD",-3.191836,55.938995,1
60.14414,"EH91LE","EH9","1LE",-3.190774,55.938313,1
171.5566,"EH91LF","EH9","1LF",-3.188858,55.938458,1
184.4071,"EH91LG","EH9","1LG",-3.186861,55.9381,1
118.6075,"EH91LH","EH9","1LH",-3.190389,55.938811,1
134.6095,"EH91LJ","EH9","1LJ",-3.189811,55.939275,1
123.6311,"EH91LL","EH9","1LL",-3.188814,55.939114,1
114.4405,"EH91LN","EH9","1LN",-3.18882,55.93928,1
45.07098,"EH91LP","EH9","1LP",-3.187396,55.939361,1
167.7854,"EH91LQ","EH9","1LQ",-3.188922,55.938457,1
61.64436,"EH91LR","EH9","1LR",-3.186052,55.939383,1
126.8577,"EH91LS","EH9","1LS",-3.185729,55.938749,1
178.6375,"EH91LT","EH9","1LT",-3.18557,55.938283,1
182.8198,"EH91LU","EH9","1LU",-3.184787,55.938317,1
77.71091,"EH91LW","EH9","1LW",-3.187662,55.939103,1
115.4149,"EH91LX","EH9","1LX",-3.184997,55.938917,1
61.79788,"EH91LY","EH9","1LY",-3.184951,55.939493,1
115.3963,"EH91LZ","EH9","1LZ",-3.184158,55.939231,1
155.9675,"EH91NA","EH9","1NA",-3.183955,55.938855,1
133.2094,"EH91NB","EH9","1NB",-3.183626,55.939092,1
80.07829,"EH91ND","EH9","1ND",-3.183434,55.939633,1
175.871,"EH91NE","EH9","1NE",-3.188648,55.937373,1
179.8029,"EH91NG","EH9","1NG",-3.182436,55.938924,1
123.9272,"EH91NH","EH9","1NH",-3.182961,55.939332,1
213.5911,"EH91NJ","EH9","1NJ",-3.182394,55.938583,1
281.6064,"EH91NL","EH9","1NL",-3.18231,55.937928,1
297.5607,"EH91NN","EH9","1NN",-3.182066,55.937831,1
343.3479,"EH91NP","EH9","1NP",-3.181954,55.937284,1
147.5942,"EH91NQ","EH9","1NQ",-3.1824,55.939311,1
341.7799,"EH91NR","EH9","1NR",-3.183071,55.937175,1
278.0032,"EH91NS","EH9","1NS",-3.183345,55.937747,1
227.4768,"EH91NT","EH9","1NT",-3.184472,55.937952,1
303.6448,"EH91NU","EH9","1NU",-3.184514,55.937233,1
308.1906,"EH91NW","EH9","1NW",-3.181804,55.937609,1
202.0985,"EH91NX","EH9","1NX",-3.18582,55.938074,1
253.189,"EH91NY","EH9","1NY",-3.185853,55.937597,1
261.3138,"EH91NZ","EH9","1NZ",-3.186553,55.936926,1
154.6177,"EH91PA","EH9","1PA",-3.186359,55.938437,1
77.64171,"EH91PB","EH9","1PB",-3.186652,55.939117,1
79.74458,"EH91PD","EH9","1PD",-3.18713,55.939032,1
157.3874,"EH91PE","EH9","1PE",-3.186901,55.938342,1
201.3994,"EH91PF","EH9","1PF",-3.184004,55.938329,1
193.0243,"EH91PG","EH9","1PG",-3.182876,55.938659,1
468.7344,"EH91PH","EH9","1PH",-3.179406,55.93557,1
501.9174,"EH91PJ","EH9","1PJ",-3.180296,55.935422,1
130.6932,"EH91PL","EH9","1PL",-3.182157,55.939753,1
488.6328,"EH91PN","EH9","1PN",-3.179898,55.935498,1
74.07983,"EH91PP","EH9","1PP",-3.194818,55.934464,1
251.1989,"EH91PQ","EH9","1PQ",-3.183082,55.938073,1
370.0348,"EH91PR","EH9","1PR",-3.180558,55.936669,1
96.51627,"EH91PS","EH9","1PS",-3.19582,55.934239,1
357.3608,"EH91PT","EH9","1PT",-3.18119,55.936914,1
290.8896,"EH91PU","EH9","1PU",-3.181017,55.937527,1
264.5378,"EH91PW","EH9","1PW",-3.181543,55.937989,1
308.0752,"EH91PX","EH9","1PX",-3.18127,55.937426,1
257.0774,"EH91PY","EH9","1PY",-3.181401,55.938013,1
153.6534,"EH91PZ","EH9","1PZ",-3.18636,55.938446,1
74.07983,"EH91QA","EH9","1QA",-3.194818,55.934464,1
230.9381,"EH91QB","EH9","1QB",-3.181849,55.938579,1
156.2098,"EH91QD","EH9","1QD",-3.181348,55.939465,1
168.97,"EH91QE","EH9","1QE",-3.181904,55.939333,1
218.8563,"EH91QF","EH9","1QF",-3.181218,55.93837,1
262.362,"EH91QG","EH9","1QG",-3.18067,55.937719,1
115.3875,"EH91QH","EH9","1QH",-3.182275,55.939959,1
427.9951,"EH91QJ","EH9","1QJ",-3.180783,55.936163,1
139.9211,"EH91QL","EH9","1QL",-3.177165,55.938256,1
233.6095,"EH91QN","EH9","1QN",-3.178605,55.937721,1
92.29105,"EH91QP","EH9","1QP",-3.177211,55.938731,1
107.8364,"EH91QQ","EH9","1QQ",-3.182403,55.939958,1
114.7819,"EH91QR","EH9","1QR",-3.178831,55.938842,1
149.7975,"EH91QS","EH9","1QS",-3.179399,55.938549,1
231.0987,"EH91QT","EH9","1QT",-3.179617,55.937828,1
193.9067,"EH91QU","EH9","1QU",-3.179547,55.938161,1
190.133,"EH91QW","EH9","1QW",-3.178102,55.938004,1
204.5848,"EH91QX","EH9","1QX",-3.180527,55.938259,1
168.4364,"EH91QY","EH9","1QY",-3.180766,55.938751,1
152.0276,"EH91QZ","EH9","1QZ",-3.180236,55.938711,1
188.5616,"EH91RA","EH9","1RA",-3.179999,55.938282,1
74.07983,"EH91RB","EH9","1RB",-3.194818,55.934464,1
228.9515,"EH91RD","EH9","1RD",-3.178655,55.937792,1
74.07983,"EH91RE","EH9","1RE",-3.194818,55.934464,1
175.871,"EH91RF","EH9","1RF",-3.188648,55.937373,1
316.3665,"EH91RG","EH9","1RG",-3.176666,55.93658,1
205.7578,"EH91RH","EH9","1RH",-3.173606,55.93492,1
283.0608,"EH91RJ","EH9","1RJ",-3.174169,55.935544,1
203.0277,"EH91RL","EH9","1RL",-3.174877,55.937194,1
234.7036,"EH91RN","EH9","1RN",-3.174673,55.93686,1
204.5055,"EH91RP","EH9","1RP",-3.172824,55.937138,1
263.0643,"EH91RQ","EH9","1RQ",-3.174967,55.934925,1
229.5175,"EH91RR","EH9","1RR",-3.172038,55.937073,1
281.6004,"EH91RS","EH9","1RS",-3.172245,55.936514,1
263.3851,"EH91RT","EH9","1RT",-3.173767,55.936536,1
199.5099,"EH91RU","EH9","1RU",-3.172493,55.935132,1
176.9086,"EH91RW","EH9","1RW",-3.172498,55.937473,1
275.5743,"EH91RX","EH9","1RX",-3.171921,55.935862,1
245.7405,"EH91RY","EH9","1RY",-3.170372,55.935454,1
209.1614,"EH91RZ","EH9","1RZ",-3.1702,55.935051,1
146.4832,"EH91SA","EH9","1SA",-3.172604,55.934615,1
178.6546,"EH91SB","EH9","1SB",-3.174209,55.934222,1
93.32885,"EH91SD","EH9","1SD",-3.172888,55.933938,1
187.5741,"EH91SE","EH9","1SE",-3.169228,55.934665,1
74.07983,"EH91SF","EH9","1SF",-3.194818,55.934464,1
132.531,"EH91SG","EH9","1SG",-3.173733,55.933832,1
252.1497,"EH91SH","EH9","1SH",-3.178357,55.937444,1
278.8338,"EH91SJ","EH9","1SJ",-3.179443,55.93738,1
302.1989,"EH91SL","EH9","1SL",-3.178746,55.93705,1
387.3111,"EH91SN","EH9","1SN",-3.178301,55.936124,1
405.4657,"EH91SP","EH9","1SP",-3.178762,55.936039,1
246.0238,"EH91SQ","EH9","1SQ",-3.174457,55.935002,1
468.9418,"EH91SR","EH9","1SR",-3.178684,55.935042,1
484.509,"EH91SS","EH9","1SS",-3.179262,55.934538,1
400.6614,"EH91ST","EH9","1ST",-3.178189,55.93351,1
379.8733,"EH91SU","EH9","1SU",-3.177828,55.93373,1
409.8446,"EH91SW","EH9","1SW",-3.178987,55.936046,1
452.1065,"EH91SX","EH9","1SX",-3.178671,55.934629,1
74.07983,"EH91SY","EH9","1SY",-3.194818,55.934464,1
409.9873,"EH91SZ","EH9","1SZ",-3.177051,55.935579,1
410.6134,"EH91TA","EH9","1TA",-3.177146,55.935515,1
367.694,"EH91TB","EH9","1TB",-3.177246,55.934607,1
319.1961,"EH91TD","EH9","1TD",-3.176196,55.934823,1
334.3445,"EH91TE","EH9","1TE",-3.176654,55.934621,1
269.6311,"EH91TF","EH9","1TF",-3.176085,55.933279,1
74.07983,"EH91TG","EH9","1TG",-3.194818,55.934464,1
74.07983,"EH91TH","EH9","1TH",-3.194818,55.934464,1
407.2052,"EH91TJ","EH9","1TJ",-3.178276,55.933685,1
139.7778,"EH91TL","EH9","1TL",-3.192776,55.936236,1
81.90398,"EH91TN","EH9","1TN",-3.19201,55.935813,1
23.65349,"EH91TP","EH9","1TP",-3.191085,55.937996,1
310.2841,"EH91TQ","EH9","1TQ",-3.176734,55.933542,1
69.41584,"EH91TR","EH9","1TR",-3.190882,55.937144,1
34.61097,"EH91TS","EH9","1TS",-3.190545,55.93606,1
10.25363,"EH91TT","EH9","1TT",-3.190091,55.935364,1
97.5732,"EH91TU","EH9","1TU",-3.188384,55.93552,1
60.86944,"EH91TW","EH9","1TW",-3.191667,55.937164,1
103.9098,"EH91TX","EH9","1TX",-3.188477,55.935981,1
29.35888,"EH91TY","EH9","1TY",-3.189688,55.935772,1
148.9948,"EH91TZ","EH9","1TZ",-3.18942,55.936952,1
69.65455,"EH91UA","EH9","1UA",-3.190328,55.93786,1
142.8091,"EH91UB","EH9","1UB",-3.189124,55.937763,1
234.8948,"EH91UD","EH9","1UD",-3.187296,55.937637,1
197.8792,"EH91UE","EH9","1UE",-3.18767,55.936789,1
236.4276,"EH91UF","EH9","1UF",-3.186406,55.936298,1
302.0337,"EH91UG","EH9","1UG",-3.185369,55.936425,1
372.6587,"EH91UH","EH9","1UH",-3.181057,55.936736,1
423.5349,"EH91UJ","EH9","1UJ",-3.182792,55.936432,1
334.8597,"EH91UL","EH9","1UL",-3.184688,55.936135,1
214.6892,"EH91UN","EH9","1UN",-3.186552,55.935829,1
74.07983,"EH91UP","EH9","1UP",-3.194818,55.934464,1
382.0341,"EH91UQ","EH9","1UQ",-3.182837,55.936835,1
171.5566,"EH91UR","EH9","1UR",-3.188858,55.938458,1
74.07983,"EH91US","EH9","1US",-3.194818,55.934464,1
517.8418,"EH91UT","EH9","1UT",-3.179548,55.935016,1
503.0167,"EH91UU","EH9","1UU",-3.179414,55.934829,1
171.5566,"EH91UW","EH9","1UW",-3.188858,55.938458,1
426.7651,"EH91UX","EH9","1UX",-3.180767,55.936172,1
74.07983,"EH91UY","EH9","1UY",-3.194818,55.934464,1
74.07983,"EH91UZ","EH9","1UZ",-3.194818,55.934464,1
175.871,"EH91WA","EH9","1WA",-3.188648,55.937373,1
74.07983,"EH91WB","EH9","1WB",-3.194818,55.934464,1
96.51627,"EH91WD","EH9","1WD",-3.19582,55.934239,1
96.51627,"EH91WE","EH9","1WE",-3.19582,55.934239,1
74.07983,"EH91WF","EH9","1WF",-3.194818,55.934464,1
74.07983,"EH91WG","EH9","1WG",-3.194818,55.934464,1
74.07983,"EH91WH","EH9","1WH",-3.194818,55.934464,1
74.07983,"EH91WJ","EH9","1WJ",-3.194818,55.934464,1
74.07983,"EH91WL","EH9","1WL",-3.194818,55.934464,1
74.07983,"EH91WN","EH9","1WN",-3.194818,55.934464,1
74.07983,"EH91WP","EH9","1WP",-3.194818,55.934464,1
74.07983,"EH91WQ","EH9","1WQ",-3.194818,55.934464,1
74.07983,"EH91WR","EH9","1WR",-3.194818,55.934464,1
74.07983,"EH91WS","EH9","1WS",-3.194818,55.934464,1
74.07983,"EH91WT","EH9","1WT",-3.194818,55.934464,1
74.07983,"EH91WU","EH9","1WU",-3.194818,55.934464,1
74.07983,"EH91WW","EH9","1WW",-3.194818,55.934464,1
74.07983,"EH91WX","EH9","1WX",-3.194818,55.934464,1
74.07983,"EH91XA","EH9","1XA",-3.194818,55.934464,1
74.07983,"EH91XB","EH9","1XB",-3.194818,55.934464,1
74.07983,"EH91XR","EH9","1XR",-3.194818,55.934464,1
74.07983,"EH91XX","EH9","1XX",-3.194818,55.934464,1
74.07983,"EH91XZ","EH9","1XZ",-3.194818,55.934464,1
74.07983,"EH91YA","EH9","1YA",-3.194818,55.934464,1
74.07983,"EH91YB","EH9","1YB",-3.194818,55.934464,1
65.69056,"EH91YD","EH9","1YD",-3.202132,55.937529,1
65.69056,"EH91YE","EH9","1YE",-3.202132,55.937529,1
65.69056,"EH91YF","EH9","1YF",-3.202132,55.937529,1
65.69056,"EH91YG","EH9","1YG",-3.202132,55.937529,1
74.07983,"EH91YH","EH9","1YH",-3.194818,55.934464,1
74.07983,"EH91YJ","EH9","1YJ",-3.194818,55.934464,1
74.07983,"EH91YL","EH9","1YL",-3.194818,55.934464,1
74.07983,"EH91YN","EH9","1YN",-3.194818,55.934464,1
74.07983,"EH91YP","EH9","1YP",-3.194818,55.934464,1
74.07983,"EH91YQ","EH9","1YQ",-3.194818,55.934464,1
74.07983,"EH91YR","EH9","1YR",-3.194818,55.934464,1
74.07983,"EH91YS","EH9","1YS",-3.194818,55.934464,1
175.871,"EH91YT","EH9","1YT",-3.188648,55.937373,1
74.07983,"EH91YU","EH9","1YU",-3.194818,55.934464,1
175.871,"EH91YW","EH9","1YW",-3.188648,55.937373,1
96.51627,"EH91YX","EH9","1YX",-3.19582,55.934239,1
74.07983,"EH91YY","EH9","1YY",-3.194818,55.934464,1
74.07983,"EH91YZ","EH9","1YZ",-3.194818,55.934464,1
74.07983,"EH91ZA","EH9","1ZA",-3.194818,55.934464,1
74.07983,"EH91ZB","EH9","1ZB",-3.194818,55.934464,1
74.07983,"EH91ZD","EH9","1ZD",-3.194818,55.934464,1
74.07983,"EH91ZE","EH9","1ZE",-3.194818,55.934464,1
74.07983,"EH91ZF","EH9","1ZF",-3.194818,55.934464,1
175.871,"EH91ZG","EH9","1ZG",-3.188648,55.937373,1
74.07983,"EH91ZH","EH9","1ZH",-3.194818,55.934464,1
74.07983,"EH91ZJ","EH9","1ZJ",-3.194818,55.934464,1
74.07983,"EH91ZL","EH9","1ZL",-3.194818,55.934464,1
175.871,"EH91ZN","EH9","1ZN",-3.188648,55.937373,1
74.07983,"EH91ZP","EH9","1ZP",-3.194818,55.934464,1
74.07983,"EH91ZQ","EH9","1ZQ",-3.194818,55.934464,1
74.07983,"EH91ZR","EH9","1ZR",-3.194818,55.934464,1
65.69056,"EH91ZS","EH9","1ZS",-3.202132,55.937529,1
175.871,"EH91ZT","EH9","1ZT",-3.188648,55.937373,1
74.07983,"EH91ZU","EH9","1ZU",-3.194818,55.934464,1
74.07983,"EH91ZW","EH9","1ZW",-3.194818,55.934464,1
74.07983,"EH91ZX","EH9","1ZX",-3.194818,55.934464,1
74.0194,"EH92AA","EH9","2AA",-3.194819,55.93446,1
111.7469,"EH92AB","EH9","2AB",-3.195228,55.934784,1
68.96134,"EH92AD","EH9","2AD",-3.196406,55.934566,1
96.06105,"EH92AE","EH9","2AE",-3.196536,55.934115,1
52.327,"EH92AF","EH9","2AF",-3.197584,55.934366,1
88.954,"EH92AG","EH9","2AG",-3.19861,55.934392,1
150.9378,"EH92AH","EH9","2AH",-3.19891,55.93376,1
199.8451,"EH92AJ","EH9","2AJ",-3.202334,55.933677,1
141.2588,"EH92AL","EH9","2AL",-3.202959,55.933199,1
233.0997,"EH92AN","EH9","2AN",-3.20135,55.932936,1
140.6939,"EH92AP","EH9","2AP",-3.19778,55.933438,1
96.92172,"EH92AQ","EH9","2AQ",-3.198525,55.934218,1
59.71067,"EH92AR","EH9","2AR",-3.196395,55.933164,1
180.1967,"EH92AS","EH9","2AS",-3.198241,55.932832,1
238.9088,"EH92AT","EH9","2AT",-3.200341,55.93344,1
187.3524,"EH92AW","EH9","2AW",-3.202163,55.932326,1
104.9965,"EH92AX","EH9","2AX",-3.173435,55.933493,1
59.57051,"EH92AY","EH9","2AY",-3.172509,55.933052,1
101.6889,"EH92AZ","EH9","2AZ",-3.171152,55.934234,1
83.70122,"EH92BA","EH9","2BA",-3.170773,55.933896,1
141.4259,"EH92BB","EH9","2BB",-3.168635,55.934123,1
128.7903,"EH92BD","EH9","2BD",-3.167948,55.933617,1
54.46357,"EH92BE","EH9","2BE",-3.169593,55.933485,1
129.9948,"EH92BF","EH9","2BF",-3.185345,55.931941,1
40.2678,"EH92BG","EH9","2BG",-3.170317,55.9331,1
58.03769,"EH92BH","EH9","2BH",-3.168815,55.933168,1
68.2456,"EH92BJ","EH9","2BJ",-3.170652,55.932481,1
93.45873,"EH92BL","EH9","2BL",-3.169505,55.932165,1
87.2654,"EH92BN","EH9","2BN",-3.168634,55.932487,1
147.9713,"EH92BP","EH9","2BP",-3.168742,55.93178,1
123.5062,"EH92BQ","EH9","2BQ",-3.167961,55.933536,1
329.3351,"EH92BR","EH9","2BR",-3.177545,55.936554,1
358.2134,"EH92BS","EH9","2BS",-3.17634,55.935334,1
206.9014,"EH92BT","EH9","2BT",-3.174831,55.934095,1
155.1532,"EH92BU","EH9","2BU",-3.174244,55.933279,1
113.6559,"EH92BW","EH9","2BW",-3.171145,55.93187,1
85.57819,"EH92BX","EH9","2BX",-3.172195,55.932211,1
113.9016,"EH92BY","EH9","2BY",-3.17207,55.931251,1
132.9169,"EH92BZ","EH9","2BZ",-3.172876,55.931962,1
166.3146,"EH92DA","EH9","2DA",-3.174281,55.932892,1
219.3203,"EH92DB","EH9","2DB",-3.174958,55.932517,1
290.0681,"EH92DD","EH9","2DD",-3.176335,55.932549,1
195.8862,"EH92DE","EH9","2DE",-3.175733,55.931701,1
126.1949,"EH92DF","EH9","2DF",-3.175368,55.930743,1
69.50332,"EH92DG","EH9","2DG",-3.174127,55.930997,1
86.8687,"EH92DH","EH9","2DH",-3.173225,55.931311,1
93.9183,"EH92DJ","EH9","2DJ",-3.172453,55.931202,1
44.86474,"EH92DL","EH9","2DL",-3.172215,55.932867,1
98.39456,"EH92DN","EH9","2DN",-3.19356,55.933111,1
102.4411,"EH92DP","EH9","2DP",-3.193591,55.933075,1
166.9031,"EH92DQ","EH9","2DQ",-3.173806,55.932016,1
113.9184,"EH92DR","EH9","2DR",-3.192774,55.933065,1
88.87834,"EH92DS","EH9","2DS",-3.19593,55.932621,1
145.2235,"EH92DT","EH9","2DT",-3.195994,55.932108,1
174.024,"EH92DU","EH9","2DU",-3.193235,55.93244,1
27.01285,"EH92DW","EH9","2DW",-3.193442,55.934487,1
179.7323,"EH92DX","EH9","2DX",-3.191899,55.931137,1
247.7878,"EH92DY","EH9","2DY",-3.192963,55.931378,1
112.0705,"EH92DZ","EH9","2DZ",-3.190807,55.931026,1
113.1707,"EH92EA","EH9","2EA",-3.190602,55.930615,1
100.7861,"EH92EB","EH9","2EB",-3.190485,55.931487,1
87.68909,"EH92ED","EH9","2ED",-3.187607,55.931084,1
18.30836,"EH92EE","EH9","2EE",-3.189244,55.931212,1
120.3107,"EH92EF","EH9","2EF",-3.185615,55.931894,1
178.8767,"EH92EG","EH9","2EG",-3.184932,55.931532,1
74.20649,"EH92EH","EH9","2EH",-3.186042,55.932258,1
172.9188,"EH92EJ","EH9","2EJ",-3.184259,55.932554,1
105.9757,"EH92EL","EH9","2EL",-3.185948,55.933364,1
164.7565,"EH92EN","EH9","2EN",-3.18488,55.933491,1
355.9343,"EH92EP","EH9","2EP",-3.181378,55.933094,1
361.9481,"EH92EQ","EH9","2EQ",-3.181222,55.932691,1
396.4576,"EH92ER","EH9","2ER",-3.180685,55.932898,1
40.936,"EH92ES","EH9","2ES",-3.194243,55.934466,1
113.4149,"EH92ET","EH9","2ET",-3.190081,55.930283,1
200.4494,"EH92EU","EH9","2EU",-3.196557,55.93168,1
206.1913,"EH92EW","EH9","2EW",-3.183757,55.9329,1
291.83,"EH92EX","EH9","2EX",-3.199446,55.931409,1
280.0212,"EH92EY","EH9","2EY",-3.199553,55.932271,1
246.0707,"EH92EZ","EH9","2EZ",-3.200541,55.931623,1
191.4828,"EH92GZ","EH9","2GZ",-3.1907,55.927037,1
206.5063,"EH92HA","EH9","2HA",-3.200483,55.930788,1
281.581,"EH92HB","EH9","2HB",-3.194198,55.930966,1
247.4978,"EH92HD","EH9","2HD",-3.192688,55.930262,1
164.045,"EH92HE","EH9","2HE",-3.189532,55.929663,1
358.9457,"EH92HF","EH9","2HF",-3.194075,55.929566,1
272.3384,"EH92HG","EH9","2HG",-3.191208,55.928991,1
270.1328,"EH92HH","EH9","2HH",-3.195799,55.927842,1
278.39,"EH92HJ","EH9","2HJ",-3.193273,55.92845,1
290.0621,"EH92HL","EH9","2HL",-3.198967,55.929886,1
178.4301,"EH92HN","EH9","2HN",-3.195355,55.926925,1
198.1456,"EH92HP","EH9","2HP",-3.188178,55.927259,1
308.2783,"EH92HQ","EH9","2HQ",-3.191032,55.928472,1
248.7718,"EH92HR","EH9","2HR",-3.189059,55.927269,1
200.9591,"EH92HS","EH9","2HS",-3.191143,55.927393,1
119.7643,"EH92HT","EH9","2HT",-3.192973,55.927024,1
45.29771,"EH92HU","EH9","2HU",-3.192968,55.926351,1
250.1482,"EH92HW","EH9","2HW",-3.191047,55.927888,1
305.2054,"EH92HX","EH9","2HX",-3.191756,55.928591,1
297.6808,"EH92HY","EH9","2HY",-3.192481,55.929267,1
151.9416,"EH92HZ","EH9","2HZ",-3.19119,55.930492,1
205.194,"EH92JA","EH9","2JA",-3.190492,55.933293,1
93.1709,"EH92JB","EH9","2JB",-3.187884,55.933318,1
128.8167,"EH92JD","EH9","2JD",-3.188576,55.934489,1
149.5491,"EH92JE","EH9","2JE",-3.186671,55.933959,1
188.0886,"EH92JF","EH9","2JF",-3.18725,55.934583,1
233.7588,"EH92JG","EH9","2JG",-3.186327,55.934771,1
200.2227,"EH92JH","EH9","2JH",-3.185365,55.934169,1
197.3712,"EH92JJ","EH9","2JJ",-3.184812,55.933896,1
273.8255,"EH92JL","EH9","2JL",-3.183538,55.934124,1
382.449,"EH92JN","EH9","2JN",-3.18177,55.934402,1
482.7237,"EH92JP","EH9","2JP",-3.181293,55.935547,1
455.0391,"EH92JR","EH9","2JR",-3.182047,55.935621,1
386.6032,"EH92JS","EH9","2JS",-3.182199,55.934811,1
372.0443,"EH92JT","EH9","2JT",-3.183657,55.93539,1
308.4196,"EH92JU","EH9","2JU",-3.183439,55.934538,1
420.4775,"EH92JW","EH9","2JW",-3.181066,55.934399,1
324.012,"EH92JX","EH9","2JX",-3.184726,55.93529,1
183.75,"EH92JY","EH9","2JY",-3.190896,55.932382,1
205.194,"EH92JZ","EH9","2JZ",-3.190492,55.933293,1
196.335,"EH92LA","EH9","2LA",-3.189604,55.929375,1
115.773,"EH92LB","EH9","2LB",-3.190111,55.930269,1
117.4177,"EH92LD","EH9","2LD",-3.187823,55.930291,1
168.9508,"EH92LE","EH9","2LE",-3.187142,55.93001,1
168.5992,"EH92LF","EH9","2LF",-3.188778,55.929599,1
203.1972,"EH92LG","EH9","2LG",-3.186141,55.930244,1
285.4693,"EH92LH","EH9","2LH",-3.183742,55.930842,1
372.1283,"EH92LJ","EH9","2LJ",-3.182061,55.930773,1
319.9264,"EH92LL","EH9","2LL",-3.182138,55.931756,1
394.6244,"EH92LN","EH9","2LN",-3.180874,55.931795,1
247.9291,"EH92LP","EH9","2LP",-3.183899,55.931254,1
134.6997,"EH92LQ","EH9","2LQ",-3.186867,55.930965,1
283.7136,"EH92LR","EH9","2LR",-3.185025,55.929878,1
340.75,"EH92LS","EH9","2LS",-3.183344,55.929849,1
405.6058,"EH92LT","EH9","2LT",-3.179827,55.931033,1
432.0791,"EH92LU","EH9","2LU",-3.180171,55.931317,1
393.7602,"EH92LW","EH9","2LW",-3.180744,55.932264,1
320.2021,"EH92LX","EH9","2LX",-3.183856,55.930365,1
236.2547,"EH92LY","EH9","2LY",-3.184341,55.928959,1
299.9016,"EH92LZ","EH9","2LZ",-3.182915,55.929413,1
404.1162,"EH92NA","EH9","2NA",-3.181479,55.9301,1
444.7323,"EH92NB","EH9","2NB",-3.180975,55.930366,1
381.8815,"EH92ND","EH9","2ND",-3.179507,55.930506,1
252.1264,"EH92NE","EH9","2NE",-3.177415,55.930687,1
340.8573,"EH92NF","EH9","2NF",-3.181508,55.929462,1
315.0122,"EH92NG","EH9","2NG",-3.176975,55.932525,1
251.65,"EH92NH","EH9","2NH",-3.177116,55.931391,1
351.2229,"EH92NJ","EH9","2NJ",-3.177712,55.932554,1
379.1431,"EH92NL","EH9","2NL",-3.178241,55.932584,1
431.0005,"EH92NN","EH9","2NN",-3.178671,55.93303,1
448.2373,"EH92NP","EH9","2NP",-3.178932,55.933719,1
208.6727,"EH92NQ","EH9","2NQ",-3.176333,55.931417,1
456.7496,"EH92NR","EH9","2NR",-3.179034,55.933907,1
467.9927,"EH92NS","EH9","2NS",-3.179899,55.933952,1
460.0772,"EH92NT","EH9","2NT",-3.180361,55.934406,1
321.9474,"EH92NU","EH9","2NU",-3.182246,55.933723,1
472.1793,"EH92NW","EH9","2NW",-3.179331,55.933167,1
313.1693,"EH92NX","EH9","2NX",-3.18217,55.933347,1
443.003,"EH92NY","EH9","2NY",-3.179969,55.933098,1
377.4459,"EH92NZ","EH9","2NZ",-3.178724,55.932131,1
322.7046,"EH92PA","EH9","2PA",-3.177917,55.931932,1
310.192,"EH92PB","EH9","2PB",-3.1782,55.931228,1
330.6757,"EH92PD","EH9","2PD",-3.178625,55.930981,1
96.51627,"EH92PE","EH9","2PE",-3.19582,55.934239,1
339.9813,"EH92PF","EH9","2PF",-3.178769,55.931007,1
217.8247,"EH92PG","EH9","2PG",-3.187173,55.929444,1
299.4329,"EH92PH","EH9","2PH",-3.18871,55.928422,1
269.7468,"EH92PJ","EH9","2PJ",-3.18791,55.928421,1
170.5211,"EH92PL","EH9","2PL",-3.185773,55.928136,1
228.8921,"EH92PN","EH9","2PN",-3.192279,55.932054,1
196.2153,"EH92PP","EH9","2PP",-3.187756,55.927587,1
274.6554,"EH92PQ","EH9","2PQ",-3.186569,55.929054,1
135.2156,"EH92PR","EH9","2PR",-3.185587,55.927824,1
170.619,"EH92PS","EH9","2PS",-3.191699,55.931413,1
401.16,"EH92PT","EH9","2PT",-3.179748,55.930009,1
349.5746,"EH92PU","EH9","2PU",-3.178898,55.929972,1
219.357,"EH92PW","EH9","2PW",-3.186184,55.92851,1
216.2003,"EH92PX","EH9","2PX",-3.183646,55.928741,1
220.2153,"EH92PY","EH9","2PY",-3.182746,55.928606,1
64.91511,"EH92QA","EH9","2QA",-3.195234,55.933948,1
64.91511,"EH92QX","EH9","2QX",-3.195234,55.933948,1
64.91511,"EH92QY","EH9","2QY",-3.195234,55.933948,1
64.91511,"EH92QZ","EH9","2QZ",-3.195234,55.933948,1
32.4132,"EH92RA","EH9","2RA",-3.188784,55.930848,1
71.24332,"EH92RB","EH9","2RB",-3.185948,55.932834,1
250.8394,"EH92TB","EH9","2TB",-3.200916,55.927693,1
120.3699,"EH92WA","EH9","2WA",-3.185599,55.931903,1
74.07983,"EH92WB","EH9","2WB",-3.194818,55.934464,1
74.07983,"EH92WD","EH9","2WD",-3.194818,55.934464,1
112.7632,"EH92WE","EH9","2WE",-3.185902,55.931837,1
250.3999,"EH92WF","EH9","2WF",-3.2009,55.927693,1
74.07983,"EH92WG","EH9","2WG",-3.194818,55.934464,1
74.07983,"EH92WH","EH9","2WH",-3.194818,55.934464,1
96.07977,"EH92WJ","EH9","2WJ",-3.19582,55.934235,1
74.07983,"EH92WL","EH9","2WL",-3.194818,55.934464,1
74.07983,"EH92WR","EH9","2WR",-3.194818,55.934464,1
74.07983,"EH92WS","EH9","2WS",-3.194818,55.934464,1
74.07983,"EH92WT","EH9","2WT",-3.194818,55.934464,1
96.51627,"EH92WU","EH9","2WU",-3.19582,55.934239,1
74.07983,"EH92WW","EH9","2WW",-3.194818,55.934464,1
74.07983,"EH92YA","EH9","2YA",-3.194818,55.934464,1
74.07983,"EH92YB","EH9","2YB",-3.194818,55.934464,1
74.07983,"EH92YD","EH9","2YD",-3.194818,55.934464,1
112.1439,"EH92YE","EH9","2YE",-3.185918,55.931837,1
129.9948,"EH92YF","EH9","2YF",-3.185345,55.931941,1
74.07983,"EH92YG","EH9","2YG",-3.194818,55.934464,1
112.1439,"EH92YH","EH9","2YH",-3.185918,55.931837,1
129.9948,"EH92YJ","EH9","2YJ",-3.185345,55.931941,1
129.9948,"EH92YL","EH9","2YL",-3.185345,55.931941,1
74.07983,"EH92YN","EH9","2YN",-3.194818,55.934464,1
74.07983,"EH92YP","EH9","2YP",-3.194818,55.934464,1
120.3699,"EH92YQ","EH9","2YQ",-3.185599,55.931903,1
74.07983,"EH92YR","EH9","2YR",-3.194818,55.934464,1
74.07983,"EH92YS","EH9","2YS",-3.194818,55.934464,1
74.07983,"EH92YT","EH9","2YT",-3.194818,55.934464,1
74.07983,"EH92YU","EH9","2YU",-3.194818,55.934464,1
74.07983,"EH92YW","EH9","2YW",-3.194818,55.934464,1
74.07983,"EH92YX","EH9","2YX",-3.194818,55.934464,1
74.07983,"EH92YY","EH9","2YY",-3.194818,55.934464,1
96.51627,"EH92YZ","EH9","2YZ",-3.19582,55.934239,1
155.6602,"EH93AA","EH9","3AA",-3.175872,55.93046,1
310.4932,"EH93AB","EH9","3AB",-3.180817,55.928876,1
121.7011,"EH93AD","EH9","3AD",-3.175024,55.929946,1
149.9617,"EH93AE","EH9","3AE",-3.175191,55.929648,1
191.9464,"EH93AF","EH9","3AF",-3.17563,55.929357,1
237.5919,"EH93AG","EH9","3AG",-3.17529,55.928686,1
277.2862,"EH93AH","EH9","3AH",-3.174918,55.928025,1
220.1303,"EH93AJ","EH9","3AJ",-3.173908,55.92745,1
265.0297,"EH93AL","EH9","3AL",-3.174491,55.92713,1
225.4103,"EH93AN","EH9","3AN",-3.173372,55.926674,1
285.6173,"EH93AP","EH9","3AP",-3.174031,55.926227,1
218.3757,"EH93AQ","EH9","3AQ",-3.174571,55.928688,1
310.3372,"EH93AR","EH9","3AR",-3.173644,55.925602,1
256.416,"EH93AS","EH9","3AS",-3.172722,55.92579,1
371.4478,"EH93AT","EH9","3AT",-3.174093,55.925085,1
374.342,"EH93AU","EH9","3AU",-3.17497,55.924978,1
368.8087,"EH93AW","EH9","3AW",-3.175749,55.926408,1
346.8871,"EH93AX","EH9","3AX",-3.173193,55.924977,1
316.4581,"EH93AY","EH9","3AY",-3.172024,55.924943,1
397.2689,"EH93AZ","EH9","3AZ",-3.17131,55.924074,1
478.9163,"EH93BA","EH9","3BA",-3.170419,55.923197,1
452.3579,"EH93BB","EH9","3BB",-3.169824,55.922565,1
353.8266,"EH93BD","EH9","3BD",-3.168795,55.921892,1
228.2424,"EH93BE","EH9","3BE",-3.168197,55.920599,1
113.0989,"EH93BF","EH9","3BF",-3.178704,55.922484,1
349.4262,"EH93BG","EH9","3BG",-3.17536,55.924637,1
26.39229,"EH93BH","EH9","3BH",-3.181296,55.924603,1
390.8663,"EH93BJ","EH9","3BJ",-3.17152,55.924157,1
243.5639,"EH93BL","EH9","3BL",-3.17351,55.926475,1
184.0214,"EH93BN","EH9","3BN",-3.179804,55.927142,1
226.8224,"EH93BP","EH9","3BP",-3.178755,55.926806,1
108.8014,"EH93BQ","EH9","3BQ",-3.179222,55.924812,1
295.02,"EH93BR","EH9","3BR",-3.177904,55.927277,1
331.1094,"EH93BS","EH9","3BS",-3.17602,55.927951,1
352.0283,"EH93BT","EH9","3BT",-3.177095,55.927519,1
337.2698,"EH93BU","EH9","3BU",-3.17705,55.927079,1
239.8508,"EH93BW","EH9","3BW",-3.178291,55.926303,1
329.9344,"EH93BX","EH9","3BX",-3.175647,55.927281,1
282.5584,"EH93BY","EH9","3BY",-3.177656,55.926489,1
196.0306,"EH93BZ","EH9","3BZ",-3.178371,55.925749,1
233.5001,"EH93DA","EH9","3DA",-3.177566,55.925636,1
365.4376,"EH93DB","EH9","3DB",-3.175612,55.926095,1
336.7841,"EH93DD","EH9","3DD",-3.175891,55.925796,1
305.2931,"EH93DE","EH9","3DE",-3.176267,55.925532,1
266.3977,"EH93DF","EH9","3DF",-3.176715,55.925015,1
99.46346,"EH93DG","EH9","3DG",-3.179536,55.92515,1
142.6539,"EH93DH","EH9","3DH",-3.179978,55.925968,1
154.9508,"EH93DJ","EH9","3DJ",-3.179461,55.925861,1
356.3251,"EH93DL","EH9","3DL",-3.174832,55.923573,1
30.60716,"EH93DN","EH9","3DN",-3.184698,55.927014,1
200.5065,"EH93DP","EH9","3DP",-3.181622,55.927969,1
132.0429,"EH93DQ","EH9","3DQ",-3.179175,55.925387,1
324.7644,"EH93DR","EH9","3DR",-3.179564,55.928708,1
294.3431,"EH93DS","EH9","3DS",-3.179974,55.928524,1
350.6715,"EH93DT","EH9","3DT",-3.179782,55.929038,1
282.7066,"EH93DU","EH9","3DU",-3.17744,55.929402,1
435.6808,"EH93DW","EH9","3DW",-3.172412,55.922442,1
233.5001,"EH93DX","EH9","3DX",-3.177566,55.925636,1
236.7417,"EH93DY","EH9","3DY",-3.176773,55.929579,1
225.1139,"EH93DZ","EH9","3DZ",-3.176319,55.929359,1
287.307,"EH93EA","EH9","3EA",-3.17719,55.929081,1
318.9118,"EH93EB","EH9","3EB",-3.177454,55.9288,1
285.4317,"EH93ED","EH9","3ED",-3.176766,55.928807,1
232.6465,"EH93EE","EH9","3EE",-3.176005,55.929048,1
277.062,"EH93EF","EH9","3EF",-3.176249,55.928632,1
303.6929,"EH93EG","EH9","3EG",-3.17837,55.927866,1
316.4481,"EH93EH","EH9","3EH",-3.179108,55.928443,1
150.2572,"EH93EJ","EH9","3EJ",-3.18172,55.927519,1
184.0296,"EH93EL","EH9","3EL",-3.182182,55.927973,1
368.5921,"EH93EN","EH9","3EN",-3.178861,55.92929,1
61.25958,"EH93EP","EH9","3EP",-3.185948,55.926023,1
323.96,"EH93EQ","EH9","3EQ",-3.178493,55.928224,1
35.48106,"EH93ER","EH9","3ER",-3.18552,55.926153,1
60.20814,"EH93ES","EH9","3ES",-3.184425,55.925948,1
98.81904,"EH93ET","EH9","3ET",-3.183456,55.925634,1
92.07513,"EH93EU","EH9","3EU",-3.184526,55.925587,1
312.42,"EH93EW","EH9","3EW",-3.178119,55.92962,1
74.17271,"EH93EX","EH9","3EX",-3.185669,55.925792,1
77.28032,"EH93EY","EH9","3EY",-3.182883,55.925226,1
133.2793,"EH93EZ","EH9","3EZ",-3.185857,55.925143,1
484.0961,"EH93FB","EH9","3FB",-3.171901,55.922995,1
293.4916,"EH93FD","EH9","3FD",-3.174494,55.921424,1
420.5332,"EH93FE","EH9","3FE",-3.173419,55.923456,1
196.4672,"EH93FF","EH9","3FF",-3.177809,55.923091,1
380.5437,"EH93FG","EH9","3FG",-3.173825,55.923129,1
185.7681,"EH93FH","EH9","3FH",-3.176228,55.921623,1
299.2701,"EH93FJ","EH9","3FJ",-3.176225,55.923618,1
440.8826,"EH93FL","EH9","3FL",-3.172761,55.923903,1
182.9346,"EH93FN","EH9","3FN",-3.179756,55.927084,1
201.4428,"EH93HA","EH9","3HA",-3.188507,55.925441,1
119.5514,"EH93HB","EH9","3HB",-3.185368,55.92486,1
118.0515,"EH93HD","EH9","3HD",-3.187372,55.924958,1
53.16802,"EH93HE","EH9","3HE",-3.185733,55.924237,1
166.7325,"EH93HF","EH9","3HF",-3.187797,55.922654,1
67.61714,"EH93HG","EH9","3HG",-3.183267,55.924692,1
73.39412,"EH93HH","EH9","3HH",-3.182638,55.925579,1
120.4842,"EH93HJ","EH9","3HJ",-3.187863,55.923219,1
128.3217,"EH93HL","EH9","3HL",-3.184243,55.924683,1
60.27749,"EH93HN","EH9","3HN",-3.186052,55.926822,1
139.4903,"EH93HP","EH9","3HP",-3.190843,55.925958,1
46.04024,"EH93HQ","EH9","3HQ",-3.181041,55.925163,1
28.99469,"EH93HR","EH9","3HR",-3.19353,55.925878,1
93.28708,"EH93HS","EH9","3HS",-3.191701,55.926273,1
241.5799,"EH93HT","EH9","3HT",-3.189186,55.926729,1
137.1369,"EH93HU","EH9","3HU",-3.187533,55.926556,1
106.3394,"EH93HW","EH9","3HW",-3.186944,55.92613,1
98.9884,"EH93HX","EH9","3HX",-3.18691,55.926589,1
43.11381,"EH93HY","EH9","3HY",-3.183637,55.926872,1
63.82571,"EH93HZ","EH9","3HZ",-3.18237,55.926767,1
39.38788,"EH93JA","EH9","3JA",-3.181669,55.926361,1
471.9519,"EH93JB","EH9","3JB",-3.171697,55.92208,1
393.0555,"EH93JD","EH9","3JD",-3.170116,55.921637,1
213.6383,"EH93JE","EH9","3JE",-3.177637,55.924288,1
356.3251,"EH93JF","EH9","3JF",-3.174832,55.923573,1
185.7681,"EH93JG","EH9","3JG",-3.176228,55.921623,1
441.0524,"EH93JH","EH9","3JH",-3.1707,55.921919,1
319.2053,"EH93JJ","EH9","3JJ",-3.174764,55.92294,1
433.8989,"EH93JL","EH9","3JL",-3.172445,55.92245,1
319.2053,"EH93JN","EH9","3JN",-3.174764,55.92294,1
178.5747,"EH93JQ","EH9","3JQ",-3.176713,55.922302,1
433.8989,"EH93JR","EH9","3JR",-3.172445,55.92245,1
315.4624,"EH93JS","EH9","3JS",-3.175173,55.923224,1
444.43,"EH93JT","EH9","3JT",-3.173114,55.923953,1
446.9675,"EH93JU","EH9","3JU",-3.171204,55.921644,1
409.5766,"EH93JW","EH9","3JW",-3.174217,55.923907,1
315.4624,"EH93JX","EH9","3JX",-3.175173,55.923224,1
157.8102,"EH93JY","EH9","3JY",-3.179164,55.922925,1
433.8989,"EH93JZ","EH9","3JZ",-3.172445,55.92245,1
129.6439,"EH93LA","EH9","3LA",-3.179139,55.924192,1
184.2122,"EH93LD","EH9","3LD",-3.179689,55.927045,1
74.07983,"EH93WA","EH9","3WA",-3.194818,55.934464,1
74.07983,"EH93WD","EH9","3WD",-3.194818,55.934464,1
74.07983,"EH93WE","EH9","3WE",-3.194818,55.934464,1
74.07983,"EH93WQ","EH9","3WQ",-3.194818,55.934464,1
74.07983,"EH93WT","EH9","3WT",-3.194818,55.934464,1
74.07983,"EH93WU","EH9","3WU",-3.194818,55.934464,1
74.07983,"EH93WW","EH9","3WW",-3.194818,55.934464,1
74.07983,"EH93WX","EH9","3WX",-3.194818,55.934464,1
74.07983,"EH93YA","EH9","3YA",-3.194818,55.934464,1
74.07983,"EH93YB","EH9","3YB",-3.194818,55.934464,1
184.2122,"EH93YD","EH9","3YD",-3.179689,55.927045,1
184.2122,"EH93YE","EH9","3YE",-3.179689,55.927045,1
74.07983,"EH93YF","EH9","3YF",-3.194818,55.934464,1
184.2122,"EH93YG","EH9","3YG",-3.179689,55.927045,1
184.2122,"EH93YH","EH9","3YH",-3.179689,55.927045,1
74.07983,"EH93YJ","EH9","3YJ",-3.194818,55.934464,1
184.2122,"EH93YL","EH9","3YL",-3.179689,55.927045,1
74.07983,"EH93YN","EH9","3YN",-3.194818,55.934464,1
74.07983,"EH93YP","EH9","3YP",-3.194818,55.934464,1
74.07983,"EH93YQ","EH9","3YQ",-3.194818,55.934464,1
74.07983,"EH93YR","EH9","3YR",-3.194818,55.934464,1
74.07983,"EH93YS","EH9","3YS",-3.194818,55.934464,1
74.07983,"EH93YT","EH9","3YT",-3.194818,55.934464,1
74.07983,"EH93YU","EH9","3YU",-3.194818,55.934464,1
74.07983,"EH93YW","EH9","3YW",-3.194818,55.934464,1
74.07983,"EH93ZX","EH9","3ZX",-3.194818,55.934464,1
74.07983,"EH98AA","EH9","8AA",-3.194818,55.934464,1
4358278,"EH98AB","EH9","8AB",0,99.999999,0
74.07983,"EH98AD","EH9","8AD",-3.194818,55.934464,1
4358278,"EH98AE","EH9","8AE",0,99.999999,0
4358278,"EH98AF","EH9","8AF",0,99.999999,0
74.07983,"EH98AG","EH9","8AG",-3.194818,55.934464,1
4358278,"EH98AH","EH9","8AH",0,99.999999,0
74.07983,"EH98AJ","EH9","8AJ",-3.194818,55.934464,1
4358278,"EH98AL","EH9","8AL",0,99.999999,0
96.51627,"EH98AN","EH9","8AN",-3.19582,55.934239,1
74.07983,"EH98AP","EH9","8AP",-3.194818,55.934464,1
4358278,"EH98AQ","EH9","8AQ",0,99.999999,0
74.07983,"EH98AR","EH9","8AR",-3.194818,55.934464,1
74.07983,"EH98AS","EH9","8AS",-3.194818,55.934464,1
96.51627,"EH98AT","EH9","8AT",-3.19582,55.934239,1
74.07983,"EH98AU","EH9","8AU",-3.194818,55.934464,1
96.51627,"EH98AW","EH9","8AW",-3.19582,55.934239,1
96.07977,"EH98AX","EH9","8AX",-3.19582,55.934235,1
96.07977,"EH98AY","EH9","8AY",-3.19582,55.934235,1
96.07977,"EH98BA","EH9","8BA",-3.19582,55.934235,1
96.07977,"EH98BB","EH9","8BB",-3.19582,55.934235,1
96.07977,"EH98BD","EH9","8BD",-3.19582,55.934235,1
96.07977,"EH98BE","EH9","8BE",-3.19582,55.934235,1
96.07977,"EH98BF","EH9","8BF",-3.19582,55.934235,1
96.07977,"EH98BG","EH9","8BG",-3.19582,55.934235,1
96.07977,"EH98BH","EH9","8BH",-3.19582,55.934235,1
