"dist_to_nearest_pags","postcode","postcode_start","postcode_end","long","lat","urban"
185.144353014581,"RH54AA","RH5","4AA",-0.321924,51.23478,1
129.54409286214,"RH54AB","RH5","4AB",-0.322704,51.234602,1
239.287447426309,"RH54AD","RH5","4AD",-0.321865,51.23325,1
158.77405123922,"RH54AE","RH5","4AE",-0.323795,51.232963,1
231.200946376833,"RH54AF","RH5","4AF",-0.322182,51.232569,1
221.427815585301,"RH54AG","RH5","4AG",-0.321916,51.231848,1
281.831639348003,"RH54AH","RH5","4AH",-0.321198,51.232296,1
120.454429343041,"RH54AJ","RH5","4AJ",-0.330003,51.233196,1
270.140017511992,"RH54AL","RH5","4AL",-0.319488,51.233243,1
254.424658478542,"RH54AN","RH5","4AN",-0.319186,51.23287,1
147.768157719406,"RH54AP","RH5","4AP",-0.317694,51.233089,1
344.132642775659,"RH54AQ","RH5","4AQ",-0.319843,51.231746,1
228.389663046264,"RH54AR","RH5","4AR",-0.318365,51.232229,1
106.294064143219,"RH54AS","RH5","4AS",-0.316617,51.232626,1
235.07277163325,"RH54AT","RH5","4AT",-0.321691,51.231341,1
258.395407112611,"RH54AU","RH5","4AU",-0.331165,51.210182,1
236.910024416271,"RH54AW","RH5","4AW",-0.318768,51.234141,1
69.221178309875,"RH54AX","RH5","4AX",-0.316494,51.233632,1
232.675362826651,"RH54AY","RH5","4AY",-0.32283,51.229964,1
239.491144442789,"RH54AZ","RH5","4AZ",-0.321636,51.231286,1
120.454429343041,"RH54BA","RH5","4BA",-0.330003,51.233196,1
342.945807381456,"RH54BB","RH5","4BB",-0.320455,51.230422,1
335.719516151694,"RH54BD","RH5","4BD",-0.31892,51.231149,1
257.886073229494,"RH54BE","RH5","4BE",-0.317819,51.231483,1
158.716526581464,"RH54BF","RH5","4BF",-0.320001,51.182249,1
421.475671299448,"RH54BG","RH5","4BG",-0.3175,51.229635,1
155.282116813329,"RH54BH","RH5","4BH",-0.316693,51.232124,1
253.516113131372,"RH54BJ","RH5","4BJ",-0.315786,51.231068,1
261.870422511689,"RH54BL","RH5","4BL",-0.312765,51.231806,1
131.116991521128,"RH54BN","RH5","4BN",-0.315157,51.232201,1
146.820198605074,"RH54BP","RH5","4BP",-0.316364,51.235644,1
409.346007511455,"RH54BQ","RH5","4BQ",-0.318763,51.229932,1
149.775737446366,"RH54BS","RH5","4BS",-0.318254,51.235258,1
127.593400752346,"RH54BT","RH5","4BT",-0.31784,51.235611,1
186.640703041934,"RH54BW","RH5","4BW",-0.316649,51.234893,1
86.9504111626943,"RH54BX","RH5","4BX",-0.3199,51.225612,0
304.244005711667,"RH54BY","RH5","4BY",-0.322246,51.222543,1
262.055575555004,"RH54BZ","RH5","4BZ",-0.32166,51.222753,1
242.062192480012,"RH54DA","RH5","4DA",-0.318196,51.221543,1
284.277250468048,"RH54DB","RH5","4DB",-0.319305,51.222143,1
88.0773679965853,"RH54DD","RH5","4DD",-0.318107,51.220049,1
102.64530176017,"RH54DE","RH5","4DE",-0.320209,51.218559,1
23.1329899158498,"RH54DF","RH5","4DF",-0.317211,51.217923,1
93.0087559735298,"RH54DG","RH5","4DG",-0.31814,51.218736,1
69.8280895418485,"RH54DH","RH5","4DH",-0.317468,51.218322,1
62.4541195871873,"RH54DJ","RH5","4DJ",-0.315385,51.218517,1
155.147770251517,"RH54DL","RH5","4DL",-0.313507,51.215828,1
64.8157679177732,"RH54DN","RH5","4DN",-0.314791,51.217247,1
65.5473375131847,"RH54DP","RH5","4DP",-0.320748,51.218306,1
128.715973620225,"RH54DQ","RH5","4DQ",-0.319578,51.218577,1
298.09073717112,"RH54DR","RH5","4DR",-0.314288,51.213391,0
955.768354423663,"RH54DS","RH5","4DS",-0.311254,51.207747,0
1317.60700870306,"RH54DT","RH5","4DT",-0.309076,51.199973,0
1300.85912827239,"RH54DU","RH5","4DU",-0.304843,51.206494,0
139.054735287827,"RH54DW","RH5","4DW",-0.314321,51.215111,1
259.551329750642,"RH54DX","RH5","4DX",-0.312688,51.22308,0
262.473907573219,"RH54DY","RH5","4DY",-0.31248,51.224716,0
868.314563870074,"RH54DZ","RH5","4DZ",-0.302831,51.219954,0
227.69317228047,"RH54EA","RH5","4EA",-0.312948,51.224604,0
481.32302901551,"RH54EB","RH5","4EB",-0.312555,51.227757,0
380.45831602038,"RH54ED","RH5","4ED",-0.315143,51.227488,1
75.0978316524533,"RH54EE","RH5","4EE",-0.320131,51.225429,0
53.2866073876382,"RH54EF","RH5","4EF",-0.319308,51.21735,1
269.476861766727,"RH54EG","RH5","4EG",-0.330746,51.209888,1
601.829344392626,"RH54EH","RH5","4EH",-0.331408,51.206238,0
628.353033023303,"RH54EJ","RH5","4EJ",-0.332218,51.206411,0
1053.12082098597,"RH54EL","RH5","4EL",-0.336277,51.203543,0
726.407937243619,"RH54EN","RH5","4EN",-0.329465,51.20416,0
801.641713282891,"RH54EP","RH5","4EP",-0.3286,51.203263,0
193.226392029665,"RH54EQ","RH5","4EQ",-0.318256,51.221067,1
985.576237052512,"RH54ER","RH5","4ER",-0.3297,51.201741,0
1037.13041549919,"RH54ES","RH5","4ES",-0.329938,51.200974,0
845.867832829868,"RH54ET","RH5","4ET",-0.329994,51.199014,0
926.680499437423,"RH54EU","RH5","4EU",-0.330442,51.202465,0
727.639607248924,"RH54EW","RH5","4EW",-0.3284,51.203919,0
991.553398926505,"RH54EX","RH5","4EX",-0.331585,51.202139,0
845.736507627118,"RH54EY","RH5","4EY",-0.331476,51.203577,0
747.306939333945,"RH54EZ","RH5","4EZ",-0.327538,51.20361,0
120.454429343041,"RH54FA","RH5","4FA",-0.330003,51.233196,1
855.87474590764,"RH54FB","RH5","4FB",-0.319598,51.203479,0
801.531730466789,"RH54FD","RH5","4FD",-0.326671,51.20304,0
120.454429343041,"RH54FE","RH5","4FE",-0.330003,51.233196,1
801.531730466789,"RH54FF","RH5","4FF",-0.326671,51.20304,0
120.454429343041,"RH54FG","RH5","4FG",-0.330003,51.233196,1
855.87474590764,"RH54FH","RH5","4FH",-0.319598,51.203479,0
801.531730466789,"RH54FJ","RH5","4FJ",-0.326671,51.20304,0
120.454429343041,"RH54FL","RH5","4FL",-0.330003,51.233196,1
855.87474590764,"RH54FN","RH5","4FN",-0.319598,51.203479,0
801.531730466789,"RH54FP","RH5","4FP",-0.326671,51.20304,0
801.531730466789,"RH54FQ","RH5","4FQ",-0.326671,51.20304,0
120.454429343041,"RH54FR","RH5","4FR",-0.330003,51.233196,1
855.87474590764,"RH54FS","RH5","4FS",-0.319598,51.203479,0
855.87474590764,"RH54FT","RH5","4FT",-0.319598,51.203479,0
120.454429343041,"RH54FU","RH5","4FU",-0.330003,51.233196,1
120.454429343041,"RH54FW","RH5","4FW",-0.330003,51.233196,1
728.655267459547,"RH54FX","RH5","4FX",-0.327275,51.203751,0
120.454429343041,"RH54FY","RH5","4FY",-0.330003,51.233196,1
198.225417992342,"RH54GA","RH5","4GA",-0.319921,51.220183,1
232.500635609058,"RH54GB","RH5","4GB",-0.320836,51.219809,1
242.79776536096,"RH54GD","RH5","4GD",-0.320382,51.220495,1
658.024451069221,"RH54HA","RH5","4HA",-0.327537,51.204429,0
402.537452254414,"RH54HB","RH5","4HB",-0.324004,51.206725,0
718.618902139187,"RH54HD","RH5","4HD",-0.323352,51.203899,0
855.87474590764,"RH54HE","RH5","4HE",-0.319598,51.203479,0
810.745321861761,"RH54HF","RH5","4HF",-0.330897,51.203739,0
793.277886946619,"RH54HG","RH5","4HG",-0.327696,51.203208,0
42.4138585344738,"RH54HH","RH5","4HH",-0.328691,51.213267,1
72.9574491702653,"RH54HJ","RH5","4HJ",-0.328489,51.214119,1
37.6285008258543,"RH54HL","RH5","4HL",-0.328458,51.213785,1
121.95923185434,"RH54HN","RH5","4HN",-0.328,51.214579,1
95.9856316772148,"RH54HP","RH5","4HP",-0.321492,51.213982,1
120.612902455846,"RH54HQ","RH5","4HQ",-0.33036,51.211456,1
78.1705296489676,"RH54HR","RH5","4HR",-0.327943,51.214174,1
26.7473537767985,"RH54HS","RH5","4HS",-0.324691,51.214604,1
30.8635802903195,"RH54HT","RH5","4HT",-0.324764,51.214164,1
133.552669329218,"RH54HW","RH5","4HW",-0.326378,51.214664,1
145.289406893437,"RH54HY","RH5","4HY",-0.329128,51.214658,1
135.020649116623,"RH54HZ","RH5","4HZ",-0.326168,51.213762,1
106.335729890789,"RH54JA","RH5","4JA",-0.325442,51.213634,1
70.1265555968726,"RH54JB","RH5","4JB",-0.327231,51.213669,1
74.1331867490513,"RH54JD","RH5","4JD",-0.327135,51.213542,1
161.861948084043,"RH54JG","RH5","4JG",-0.325235,51.212228,1
21.8577066324838,"RH54JH","RH5","4JH",-0.325253,51.210284,1
58.8781227820187,"RH54JJ","RH5","4JJ",-0.329235,51.212484,1
102.577997749372,"RH54JL","RH5","4JL",-0.329756,51.212743,1
188.869454478375,"RH54JN","RH5","4JN",-0.330857,51.213163,1
86.4885297726651,"RH54JP","RH5","4JP",-0.329647,51.211401,1
166.289343504659,"RH54JQ","RH5","4JQ",-0.32528,51.212976,1
320.725851948499,"RH54JR","RH5","4JR",-0.333456,51.211761,0
208.092373832807,"RH54JS","RH5","4JS",-0.324222,51.212529,1
161.716701750942,"RH54JT","RH5","4JT",-0.324545,51.211526,1
125.289624449189,"RH54JU","RH5","4JU",-0.325796,51.211778,1
102.125238360938,"RH54JW","RH5","4JW",-0.329056,51.211096,1
77.1995933275049,"RH54JX","RH5","4JX",-0.324572,51.189872,0
36.3335045978289,"RH54JY","RH5","4JY",-0.325331,51.191448,0
36.6859457038259,"RH54JZ","RH5","4JZ",-0.32504,51.191674,0
66.431665740363,"RH54LA","RH5","4LA",-0.32546,51.191818,0
85.1636461910608,"RH54LB","RH5","4LB",-0.326127,51.191576,0
155.638965167262,"RH54LD","RH5","4LD",-0.326852,51.189848,0
884.372148795566,"RH54LE","RH5","4LE",-0.337562,51.189599,0
307.107063855717,"RH54LF","RH5","4LF",-0.328321,51.188789,0
1129.97933530875,"RH54LG","RH5","4LG",-0.338776,51.185272,0
414.698599380891,"RH54LH","RH5","4LH",-0.325841,51.186851,0
671.83433160327,"RH54LJ","RH5","4LJ",-0.330268,51.181245,0
1205.87926545563,"RH54LL","RH5","4LL",-0.340584,51.179552,0
1019.47071439365,"RH54LN","RH5","4LN",-0.343241,51.179748,0
1267.53628845615,"RH54LP","RH5","4LP",-0.340239,51.177604,0
242.96336983767,"RH54LQ","RH5","4LQ",-0.31654,51.178579,1
1327.63220888903,"RH54LR","RH5","4LR",-0.342093,51.173791,0
1289.31089352084,"RH54LS","RH5","4LS",-0.340342,51.176725,0
464.628206444751,"RH54LT","RH5","4LT",-0.321244,51.186638,0
361.314625254754,"RH54LU","RH5","4LU",-0.321421,51.187579,0
842.790415160188,"RH54LW","RH5","4LW",-0.345732,51.180839,0
507.696684806475,"RH54LX","RH5","4LX",-0.322322,51.186105,0
225.036015438398,"RH54LY","RH5","4LY",-0.322671,51.18864,0
402.28949464894,"RH54LZ","RH5","4LZ",-0.317435,51.190165,0
168.810498083599,"RH54NA","RH5","4NA",-0.321502,51.191749,0
420.081718790745,"RH54NB","RH5","4NB",-0.32252,51.186884,0
62.9051767180667,"RH54ND","RH5","4ND",-0.325099,51.191912,0
61.120288941404,"RH54NE","RH5","4NE",-0.324432,51.192154,0
118.601306564924,"RH54NF","RH5","4NF",-0.325142,51.1931,0
174.210568978514,"RH54NG","RH5","4NG",-0.32554,51.193582,0
369.079660240925,"RH54NH","RH5","4NH",-0.327806,51.194622,0
80.7957776915731,"RH54NJ","RH5","4NJ",-0.324825,51.192753,0
300.902803066651,"RH54NL","RH5","4NL",-0.327372,51.193959,0
234.025347847908,"RH54NN","RH5","4NN",-0.327358,51.192754,0
125.952767158053,"RH54NP","RH5","4NP",-0.325989,51.192239,0
379.881089796748,"RH54NQ","RH5","4NQ",-0.327201,51.195134,0
275.296930620619,"RH54NR","RH5","4NR",-0.323486,51.194964,0
354.475418510296,"RH54NS","RH5","4NS",-0.319311,51.194059,0
653.635654684506,"RH54NT","RH5","4NT",-0.315794,51.195615,0
717.516877804345,"RH54NU","RH5","4NU",-0.313433,51.192761,0
168.653200580749,"RH54NW","RH5","4NW",-0.327338,51.191746,0
1184.4072203585,"RH54NX","RH5","4NX",-0.306467,51.192651,0
1809.6702536392,"RH54NY","RH5","4NY",-0.29914,51.197706,0
781.220186511497,"RH54NZ","RH5","4NZ",-0.312774,51.193947,0
197.683472693989,"RH54PA","RH5","4PA",-0.327766,51.191779,0
29.1725923259561,"RH54PD","RH5","4PD",-0.315872,51.172589,0
46.3075063562915,"RH54PE","RH5","4PE",-0.314549,51.172768,0
223.020544848842,"RH54PF","RH5","4PF",-0.316254,51.170733,0
344.202491219827,"RH54PG","RH5","4PG",-0.316522,51.169649,1
462.981698324333,"RH54PH","RH5","4PH",-0.316275,51.168575,1
420.260401441618,"RH54PL","RH5","4PL",-0.315717,51.168972,1
68.2621522401879,"RH54PN","RH5","4PN",-0.318132,51.180058,1
558.444432396904,"RH54PP","RH5","4PP",-0.315376,51.167744,1
364.135960681666,"RH54PQ","RH5","4PQ",-0.31855,51.169809,1
599.703299839794,"RH54PR","RH5","4PR",-0.314715,51.167428,1
801.952387541728,"RH54PS","RH5","4PS",-0.319095,51.165756,0
1031.10085284591,"RH54PT","RH5","4PT",-0.325219,51.165382,0
866.166478135454,"RH54PU","RH5","4PU",-0.327064,51.168942,0
488.812295989604,"RH54PW","RH5","4PW",-0.316984,51.168369,1
1518.0682129418,"RH54PX","RH5","4PX",-0.33508,51.165921,0
1237.69878083772,"RH54PY","RH5","4PY",-0.351029,51.164304,0
134.833757079189,"RH54PZ","RH5","4PZ",-0.317178,51.180014,1
508.087349097861,"RH54QA","RH5","4QA",-0.323429,51.172086,0
133.089051036857,"RH54QB","RH5","4QB",-0.314192,51.173932,0
346.988838130854,"RH54QD","RH5","4QD",-0.311429,51.170852,0
664.048027951655,"RH54QE","RH5","4QE",-0.309963,51.167908,1
896.105198152716,"RH54QF","RH5","4QF",-0.308678,51.165953,1
924.540490719963,"RH54QG","RH5","4QG",-0.305888,51.16442,0
1422.76353621805,"RH54QH","RH5","4QH",-0.302743,51.190789,0
97.2501044168891,"RH54QJ","RH5","4QJ",-0.31786,51.180441,1
102.300837061335,"RH54QL","RH5","4QL",-0.318262,51.181271,1
148.616458580522,"RH54QN","RH5","4QN",-0.315067,51.174241,0
234.649595553322,"RH54QP","RH5","4QP",-0.315555,51.175003,0
1021.02157808568,"RH54QQ","RH5","4QQ",-0.308896,51.164611,0
408.651091022369,"RH54QR","RH5","4QR",-0.315157,51.177341,1
569.27684966069,"RH54QS","RH5","4QS",-0.311925,51.177622,0
290.009051720997,"RH54QT","RH5","4QT",-0.315474,51.178788,1
169.188638164217,"RH54QU","RH5","4QU",-0.317018,51.179284,1
192.641518427391,"RH54QW","RH5","4QW",-0.314711,51.174614,0
287.280531346103,"RH54QX","RH5","4QX",-0.316388,51.178115,1
48.2355584531085,"RH54QY","RH5","4QY",-0.318888,51.180974,1
106.56085920267,"RH54QZ","RH5","4QZ",-0.317992,51.180758,1
154.102423137534,"RH54RA","RH5","4RA",-0.321307,51.182133,1
116.196233653931,"RH54RB","RH5","4RB",-0.321686,51.181563,1
28.9652786361885,"RH54RD","RH5","4RD",-0.318737,51.179941,1
213.366186327697,"RH54RE","RH5","4RE",-0.320333,51.178148,1
115.529669578554,"RH54RF","RH5","4RF",-0.31984,51.179121,1
68.9146397311898,"RH54RG","RH5","4RG",-0.31937,51.179456,1
225.406745353927,"RH54RH","RH5","4RH",-0.319564,51.178047,1
164.954099043101,"RH54RJ","RH5","4RJ",-0.319159,51.178571,1
365.88971674131,"RH54RL","RH5","4RL",-0.31931,51.176766,1
369.66003711327,"RH54RN","RH5","4RN",-0.317172,51.17696,1
1195.95579529257,"RH54RP","RH5","4RP",-0.304192,51.185631,0
256.391253161336,"RH54RQ","RH5","4RQ",-0.317318,51.178041,1
163.944910921649,"RH54RR","RH5","4RR",-0.321857,51.178718,1
133.747858934711,"RH54RS","RH5","4RS",-0.321379,51.178891,1
199.117416718177,"RH54RT","RH5","4RT",-0.3217,51.178338,1
814.539448400475,"RH54RU","RH5","4RU",-0.299942,51.1335,0
1085.39904290057,"RH54RW","RH5","4RW",-0.301775,51.177876,0
363.158025077977,"RH54SB","RH5","4SB",-0.317867,51.169641,1
363.158025077977,"RH54SD","RH5","4SD",-0.317867,51.169641,1
38.4702892286436,"RH54SE","RH5","4SE",-0.320634,51.179717,1
768.634465297883,"RH54SF","RH5","4SF",-0.307925,51.167699,1
183.458163538747,"RH54SG","RH5","4SG",-0.322752,51.17892,1
50.9429471762006,"RH54SH","RH5","4SH",-0.32146,51.179818,1
261.58939059067,"RH54SJ","RH5","4SJ",-0.323206,51.178225,1
94.1501616950554,"RH54SL","RH5","4SL",-0.317902,51.179677,1
84.5699763078166,"RH54SQ","RH5","4SQ",-0.321797,51.179589,1
82.1607236313275,"RH54TA","RH5","4TA",-0.323804,51.2138,1
153.623092861802,"RH54TB","RH5","4TB",-0.322093,51.213604,1
83.2371669826866,"RH54TD","RH5","4TD",-0.32336,51.214594,1
82.9836765845752,"RH54TE","RH5","4TE",-0.322354,51.214705,1
65.9693818967891,"RH54TF","RH5","4TF",-0.321756,51.214984,1
88.0227585004034,"RH54TG","RH5","4TG",-0.320837,51.213883,1
19.4700314215415,"RH54TH","RH5","4TH",-0.319449,51.215833,1
93.9567234340109,"RH54TJ","RH5","4TJ",-0.318476,51.216592,1
36.8279811548455,"RH54TL","RH5","4TL",-0.316994,51.216795,1
111.150007944505,"RH54TN","RH5","4TN",-0.31859,51.217007,1
119.505570168618,"RH54TP","RH5","4TP",-0.315302,51.21491,1
50.1150777115827,"RH54TQ","RH5","4TQ",-0.320491,51.215137,1
32.5503775989457,"RH54TR","RH5","4TR",-0.316371,51.215411,1
29.5634116030892,"RH54TS","RH5","4TS",-0.315658,51.215742,1
57.3062378400727,"RH54TT","RH5","4TT",-0.320004,51.214348,1
128.913625838027,"RH54TU","RH5","4TU",-0.318888,51.214314,1
21.3314566519506,"RH54TW","RH5","4TW",-0.315323,51.217455,1
55.1446121805717,"RH54TX","RH5","4TX",-0.315261,51.216411,1
107.30454340143,"RH54TY","RH5","4TY",-0.318316,51.215106,1
137.846307022627,"RH54TZ","RH5","4TZ",-0.316935,51.214492,1
184.555627256684,"RH54UA","RH5","4UA",-0.317901,51.2143,1
54.5043606938324,"RH54UZ","RH5","4UZ",-0.32153,51.180251,1
120.454429343041,"RH54WA","RH5","4WA",-0.330003,51.233196,1
121.992970510965,"RH54WB","RH5","4WB",-0.32998,51.233193,1
121.992970510965,"RH54WE","RH5","4WE",-0.32998,51.233193,1
120.454429343041,"RH54WJ","RH5","4WJ",-0.330003,51.233196,1
120.454429343041,"RH54WL","RH5","4WL",-0.330003,51.233196,1
120.454429343041,"RH54WN","RH5","4WN",-0.330003,51.233196,1
120.454429343041,"RH54WX","RH5","4WX",-0.330003,51.233196,1
120.454429343041,"RH54WY","RH5","4WY",-0.330003,51.233196,1
120.454429343041,"RH54WZ","RH5","4WZ",-0.330003,51.233196,1
120.454429343041,"RH54XY","RH5","4XY",-0.330003,51.233196,1
120.454429343041,"RH54XZ","RH5","4XZ",-0.330003,51.233196,1
855.87474590764,"RH54YA","RH5","4YA",-0.319598,51.203479,0
120.454429343041,"RH54YB","RH5","4YB",-0.330003,51.233196,1
855.87474590764,"RH54YD","RH5","4YD",-0.319598,51.203479,0
120.454429343041,"RH54YE","RH5","4YE",-0.330003,51.233196,1
120.454429343041,"RH54YF","RH5","4YF",-0.330003,51.233196,1
120.454429343041,"RH54YG","RH5","4YG",-0.330003,51.233196,1
120.454429343041,"RH54YH","RH5","4YH",-0.330003,51.233196,1
120.454429343041,"RH54YJ","RH5","4YJ",-0.330003,51.233196,1
120.454429343041,"RH54YL","RH5","4YL",-0.330003,51.233196,1
120.454429343041,"RH54YN","RH5","4YN",-0.330003,51.233196,1
855.87474590764,"RH54YP","RH5","4YP",-0.319598,51.203479,0
120.454429343041,"RH54YQ","RH5","4YQ",-0.330003,51.233196,1
120.454429343041,"RH54YR","RH5","4YR",-0.330003,51.233196,1
120.454429343041,"RH54YS","RH5","4YS",-0.330003,51.233196,1
120.454429343041,"RH54YT","RH5","4YT",-0.330003,51.233196,1
120.454429343041,"RH54YU","RH5","4YU",-0.330003,51.233196,1
855.87474590764,"RH54YW","RH5","4YW",-0.319598,51.203479,0
120.454429343041,"RH54YX","RH5","4YX",-0.330003,51.233196,1
855.87474590764,"RH54YY","RH5","4YY",-0.319598,51.203479,0
855.87474590764,"RH54YZ","RH5","4YZ",-0.319598,51.203479,0
45.7717571481455,"RH55AA","RH5","5AA",-0.289616,51.166551,1
19.4696273477634,"RH55AB","RH5","5AB",-0.289273,51.166924,1
106.273291814576,"RH55AD","RH5","5AD",-0.290359,51.167731,1
79.1570152798789,"RH55AE","RH5","5AE",-0.291649,51.168811,1
227.447437422389,"RH55AF","RH5","5AF",-0.295743,51.170301,0
371.276238986556,"RH55AG","RH5","5AG",-0.296803,51.171414,0
244.779902158945,"RH55AH","RH5","5AH",-0.289589,51.169609,1
408.567384000908,"RH55AJ","RH5","5AJ",-0.28831,51.170912,1
2024.22987753487,"RH55AL","RH5","5AL",-0.276173,51.183369,1
120.454429343041,"RH55AN","RH5","5AN",-0.330003,51.233196,1
2448.02728026518,"RH55AP","RH5","5AP",-0.281236,51.189189,0
1747.47194288507,"RH55AQ","RH5","5AQ",-0.281573,51.182441,1
2276.0607153963,"RH55AR","RH5","5AR",-0.272,51.188963,1
2322.63917528525,"RH55AS","RH5","5AS",-0.269343,51.188079,1
2129.46748731754,"RH55AT","RH5","5AT",-0.272547,51.183153,1
75.3671192011072,"RH55AU","RH5","5AU",-0.290135,51.166106,1
98.2382423083601,"RH55AW","RH5","5AW",-0.287886,51.165762,1
77.0447878683482,"RH55AX","RH5","5AX",-0.291352,51.165624,1
143.145140612809,"RH55AY","RH5","5AY",-0.291647,51.164989,1
107.51929977236,"RH55AZ","RH5","5AZ",-0.292507,51.165335,1
149.372809580372,"RH55BA","RH5","5BA",-0.365375,51.145674,1
206.864209867907,"RH55BB","RH5","5BB",-0.291754,51.164415,1
411.131617770435,"RH55BD","RH5","5BD",-0.357561,51.152414,0
153.943781427786,"RH55BE","RH5","5BE",-0.288009,51.163605,1
1722.81931002682,"RH55BF","RH5","5BF",-0.264112,51.162372,1
657.023604018001,"RH55BG","RH5","5BG",-0.279054,51.164778,0
1055.59947113012,"RH55BH","RH5","5BH",-0.273576,51.163267,0
1737.87665919268,"RH55BJ","RH5","5BJ",-0.264333,51.161071,1
1745.0421756883,"RH55BL","RH5","5BL",-0.263681,51.162815,1
2119.81236368415,"RH55BN","RH5","5BN",-0.258241,51.16295,1
1989.12422728863,"RH55BP","RH5","5BP",-0.257382,51.151957,0
93.3868043532513,"RH55BQ","RH5","5BQ",-0.290853,51.16564,1
1811.63214078425,"RH55BS","RH5","5BS",-0.258089,51.148052,0
1150.81051370982,"RH55BT","RH5","5BT",-0.269955,51.150714,0
1803.27745522556,"RH55BU","RH5","5BU",-0.25836,51.14123,0
2004.9243657022,"RH55BW","RH5","5BW",-0.255895,51.159929,1
39.2573125013647,"RH55BX","RH5","5BX",-0.283267,51.144552,0
1105.81909868987,"RH55BY","RH5","5BY",-0.278118,51.154197,0
20.7791655348858,"RH55BZ","RH5","5BZ",-0.291492,51.166162,1
21.1409435007038,"RH55DA","RH5","5DA",-0.292658,51.16629,1
179.356313339773,"RH55DB","RH5","5DB",-0.295166,51.165433,0
962.466100577748,"RH55DD","RH5","5DD",-0.294639,51.157215,0
366.622673696277,"RH55DE","RH5","5DE",-0.290969,51.162057,0
111.811058279826,"RH55DH","RH5","5DH",-0.289591,51.165679,1
98.5242144397506,"RH55DJ","RH5","5DJ",-0.288685,51.166256,1
124.561250744392,"RH55DL","RH5","5DL",-0.286802,51.165356,1
639.641634347298,"RH55DN","RH5","5DN",-0.280622,51.169171,0
410.560767301387,"RH55DP","RH5","5DP",-0.282585,51.164898,0
31.3298773680237,"RH55DQ","RH5","5DQ",-0.289192,51.166806,1
709.826217512699,"RH55DR","RH5","5DR",-0.278551,51.166389,0
547.652476886585,"RH55DS","RH5","5DS",-0.282012,51.169111,0
491.33786513674,"RH55DT","RH5","5DT",-0.283395,51.169617,0
618.199640129409,"RH55DU","RH5","5DU",-0.282983,51.171068,0
174.353983785997,"RH55DW","RH5","5DW",-0.28598,51.165086,1
761.256491448426,"RH55DX","RH5","5DX",-0.285126,51.173446,0
1069.78051145516,"RH55DY","RH5","5DY",-0.283314,51.176027,0
1485.10777138987,"RH55DZ","RH5","5DZ",-0.278269,51.178561,0
1816.95524978942,"RH55EA","RH5","5EA",-0.272253,51.179516,0
2198.69832475563,"RH55ED","RH5","5ED",-0.261754,51.176857,0
1696.94280662998,"RH55EE","RH5","5EE",-0.265428,51.170437,0
1835.68025477849,"RH55EF","RH5","5EF",-0.262212,51.16613,0
664.421951229096,"RH55EG","RH5","5EG",-0.326327,51.149313,1
258.024599150783,"RH55EH","RH5","5EH",-0.321736,51.151711,1
252.39096160885,"RH55EJ","RH5","5EJ",-0.320714,51.151516,1
318.054043506633,"RH55EL","RH5","5EL",-0.321077,51.150964,1
422.264550452273,"RH55EN","RH5","5EN",-0.322969,51.150452,1
372.287041059744,"RH55EP","RH5","5EP",-0.322428,51.150777,1
442.043195313498,"RH55EQ","RH5","5EQ",-0.322849,51.150207,1
513.603581008984,"RH55ER","RH5","5ER",-0.32286,51.149497,1
702.069262145938,"RH55ES","RH5","5ES",-0.325598,51.14852,1
739.895910134373,"RH55ET","RH5","5ET",-0.32699,51.148774,1
661.950024803561,"RH55EU","RH5","5EU",-0.327401,51.150074,1
120.454429343041,"RH55EW","RH5","5EW",-0.330003,51.233196,1
638.088711637388,"RH55EX","RH5","5EX",-0.326511,51.149756,1
678.905504602369,"RH55EY","RH5","5EY",-0.325772,51.148855,1
944.690840914281,"RH55FA","RH5","5FA",-0.333217,51.152145,0
944.690840914281,"RH55FB","RH5","5FB",-0.333217,51.152145,0
120.454429343041,"RH55FD","RH5","5FD",-0.330003,51.233196,1
120.454429343041,"RH55FE","RH5","5FE",-0.330003,51.233196,1
120.454429343041,"RH55FF","RH5","5FF",-0.330003,51.233196,1
120.454429343041,"RH55FG","RH5","5FG",-0.330003,51.233196,1
944.690840914281,"RH55FH","RH5","5FH",-0.333217,51.152145,0
120.454429343041,"RH55FJ","RH5","5FJ",-0.330003,51.233196,1
120.454429343041,"RH55FL","RH5","5FL",-0.330003,51.233196,1
944.690840914281,"RH55FN","RH5","5FN",-0.333217,51.152145,0
120.454429343041,"RH55FP","RH5","5FP",-0.330003,51.233196,1
120.454429343041,"RH55FQ","RH5","5FQ",-0.330003,51.233196,1
944.690840914281,"RH55FR","RH5","5FR",-0.333217,51.152145,0
120.454429343041,"RH55FS","RH5","5FS",-0.330003,51.233196,1
120.454429343041,"RH55FT","RH5","5FT",-0.330003,51.233196,1
120.454429343041,"RH55FU","RH5","5FU",-0.330003,51.233196,1
944.690840914281,"RH55FW","RH5","5FW",-0.333217,51.152145,0
120.454429343041,"RH55FX","RH5","5FX",-0.330003,51.233196,1
944.690840914281,"RH55FY","RH5","5FY",-0.333217,51.152145,0
120.454429343041,"RH55FZ","RH5","5FZ",-0.330003,51.233196,1
1267.8414969575,"RH55GA","RH5","5GA",-0.329985,51.144239,0
1233.46088786174,"RH55GB","RH5","5GB",-0.330267,51.144738,0
669.024533392271,"RH55HA","RH5","5HA",-0.324429,51.148422,1
741.911721653033,"RH55HB","RH5","5HB",-0.325797,51.148172,0
1052.73114539072,"RH55HD","RH5","5HD",-0.326023,51.145073,0
1262.24975763107,"RH55HE","RH5","5HE",-0.318671,51.142404,0
1621.25927900347,"RH55HF","RH5","5HF",-0.31315,51.135445,0
1640.85069159406,"RH55HG","RH5","5HG",-0.312258,51.132465,0
877.756469225749,"RH55HH","RH5","5HH",-0.300351,51.132868,0
1130.50451170434,"RH55HJ","RH5","5HJ",-0.304574,51.147962,0
534.983198847514,"RH55HL","RH5","5HL",-0.312712,51.15882,0
753.639081599792,"RH55HN","RH5","5HN",-0.327472,51.148888,1
758.264042921259,"RH55HP","RH5","5HP",-0.327404,51.148789,1
877.756469225749,"RH55HQ","RH5","5HQ",-0.300351,51.132868,0
743.270641239089,"RH55HR","RH5","5HR",-0.327579,51.149088,1
783.734588985459,"RH55HS","RH5","5HS",-0.329144,51.149713,1
838.577421117304,"RH55HT","RH5","5HT",-0.336013,51.151528,0
682.746658984163,"RH55HU","RH5","5HU",-0.33922,51.150275,1
910.250000077785,"RH55HW","RH5","5HW",-0.331647,51.15015,0
708.682883229988,"RH55HY","RH5","5HY",-0.339824,51.149325,1
936.698377550798,"RH55HZ","RH5","5HZ",-0.337032,51.148233,1
1072.71695781032,"RH55JA","RH5","5JA",-0.337802,51.145975,1
1331.32914820328,"RH55JB","RH5","5JB",-0.336423,51.143701,1
1450.14962924943,"RH55JD","RH5","5JD",-0.335469,51.142815,1
1240.30484960481,"RH55JE","RH5","5JE",-0.330213,51.144638,0
1455.18694565667,"RH55JF","RH5","5JF",-0.325807,51.141176,0
1802.65375862364,"RH55JG","RH5","5JG",-0.328394,51.138416,0
1802.44526572526,"RH55JH","RH5","5JH",-0.325738,51.137937,0
2007.23139540466,"RH55JJ","RH5","5JJ",-0.324667,51.135926,0
2095.35672274023,"RH55JL","RH5","5JL",-0.321359,51.134907,0
2404.14303119923,"RH55JN","RH5","5JN",-0.334463,51.133404,0
2874.519228132,"RH55JP","RH5","5JP",-0.325782,51.124517,0
2088.26650908746,"RH55JQ","RH5","5JQ",-0.334352,51.136555,0
461.085157657179,"RH55JS","RH5","5JS",-0.324404,51.150688,1
577.584680991777,"RH55JT","RH5","5JT",-0.325185,51.149725,1
417.622039867548,"RH55JU","RH5","5JU",-0.324621,51.151411,1
2511.09317816223,"RH55JW","RH5","5JW",-0.32467,51.131114,0
104.446865301929,"RH55JX","RH5","5JX",-0.319724,51.152797,1
118.468509499004,"RH55JY","RH5","5JY",-0.320271,51.152688,1
58.9579879291084,"RH55JZ","RH5","5JZ",-0.319657,51.154235,1
102.549559388969,"RH55LA","RH5","5LA",-0.320801,51.155412,1
62.4318330505481,"RH55LB","RH5","5LB",-0.319564,51.155619,1
150.948077227368,"RH55LD","RH5","5LD",-0.319846,51.156513,1
242.34787783761,"RH55LE","RH5","5LE",-0.319437,51.15761,1
880.849537761269,"RH55LF","RH5","5LF",-0.318592,51.163464,0
382.265011385216,"RH55LG","RH5","5LG",-0.323488,51.151125,1
768.185602703441,"RH55LH","RH5","5LH",-0.321889,51.162082,0
710.187286432053,"RH55LJ","RH5","5LJ",-0.328412,51.158084,0
75.1293737199455,"RH55LL","RH5","5LL",-0.316375,51.154035,1
222.771090241544,"RH55LN","RH5","5LN",-0.314263,51.153924,1
30.0492634606939,"RH55LP","RH5","5LP",-0.317107,51.153974,1
123.728577529233,"RH55LQ","RH5","5LQ",-0.321133,51.154535,1
29.4665527322516,"RH55LS","RH5","5LS",-0.347285,51.153483,0
783.307940094826,"RH55LT","RH5","5LT",-0.337733,51.156657,0
845.019210739187,"RH55LU","RH5","5LU",-0.367309,51.139487,0
456.831711829666,"RH55LW","RH5","5LW",-0.31089,51.154271,1
966.868043892925,"RH55LX","RH5","5LX",-0.37639,51.13447,0
1464.20765652875,"RH55LY","RH5","5LY",-0.367725,51.133824,0
622.975173867433,"RH55NA","RH5","5NA",-0.376912,51.128646,0
213.027703334561,"RH55NB","RH5","5NB",-0.380182,51.125454,0
573.642095424462,"RH55ND","RH5","5ND",-0.381933,51.119016,0
712.151935641076,"RH55NE","RH5","5NE",-0.372682,51.123258,0
949.974839629685,"RH55NG","RH5","5NG",-0.36939,51.122678,0
1472.91259296251,"RH55NH","RH5","5NH",-0.361759,51.125917,0
386.596994137317,"RH55NJ","RH5","5NJ",-0.364571,51.143325,1
1258.0124526305,"RH55NL","RH5","5NL",-0.365014,51.122288,0
2494.0470379293,"RH55NN","RH5","5NN",-0.347057,51.123003,0
2111.82078357437,"RH55NP","RH5","5NP",-0.342029,51.132873,0
1764.08702204385,"RH55NR","RH5","5NR",-0.339013,51.138468,0
1238.8866778523,"RH55NS","RH5","5NS",-0.343196,51.142592,0
998.092526843125,"RH55NT","RH5","5NT",-0.345731,51.144481,0
1053.22891815937,"RH55NU","RH5","5NU",-0.345964,51.143963,0
1586.63445009994,"RH55NW","RH5","5NW",-0.345484,51.13745,0
844.058448561116,"RH55PA","RH5","5PA",-0.385815,51.162595,0
1077.29377488779,"RH55PB","RH5","5PB",-0.377834,51.152921,0
1293.20237231693,"RH55PD","RH5","5PD",-0.384108,51.146375,0
490.894455948611,"RH55PE","RH5","5PE",-0.372255,51.145581,0
1061.56207174352,"RH55PF","RH5","5PF",-0.379365,51.140959,0
453.242760255762,"RH55PG","RH5","5PG",-0.388514,51.1389,0
1571.49027519301,"RH55PH","RH5","5PH",-0.374493,51.162438,0
271.896958562181,"RH55PJ","RH5","5PJ",-0.388508,51.133316,0
410.670806423626,"RH55PL","RH5","5PL",-0.400392,51.136446,1
1035.03602487753,"RH55PN","RH5","5PN",-0.401126,51.142499,0
1158.53921074546,"RH55PP","RH5","5PP",-0.394518,51.14838,0
453.242760255762,"RH55PQ","RH5","5PQ",-0.388514,51.1389,0
885.570636418051,"RH55PR","RH5","5PR",-0.39508,51.150812,0
174.317043272741,"RH55PS","RH5","5PS",-0.401899,51.128496,1
359.24418877607,"RH55PT","RH5","5PT",-0.389778,51.126804,0
42.8236621650935,"RH55PU","RH5","5PU",-0.382363,51.124705,0
1203.9365832618,"RH55PW","RH5","5PW",-0.400263,51.144718,0
259.607330823015,"RH55PX","RH5","5PX",-0.37949,51.125547,0
94.8531421281458,"RH55PY","RH5","5PY",-0.384898,51.12332,0
916.501630112379,"RH55PZ","RH5","5PZ",-0.388191,51.116171,0
1243.34403131174,"RH55QA","RH5","5QA",-0.39109,51.11372,0
1275.49444322863,"RH55QB","RH5","5QB",-0.397714,51.116365,0
1877.8026958235,"RH55QD","RH5","5QD",-0.400512,51.11063,0
2029.39238160082,"RH55QE","RH5","5QE",-0.405479,51.111588,0
885.004833849097,"RH55QG","RH5","5QG",-0.401718,51.121626,0
722.129305177011,"RH55QH","RH5","5QH",-0.406297,51.12436,0
477.847323323061,"RH55QJ","RH5","5QJ",-0.404488,51.126268,0
568.682589846575,"RH55QP","RH5","5QP",-0.367877,51.1421,0
872.189685666377,"RH55QR","RH5","5QR",-0.380076,51.138285,0
1007.59305770212,"RH55QS","RH5","5QS",-0.376097,51.140788,0
100.861091086232,"RH55QT","RH5","5QT",-0.38817,51.131626,0
72.8245062975437,"RH55QU","RH5","5QU",-0.390869,51.134904,0
190.805641479573,"RH55QX","RH5","5QX",-0.392743,51.136908,0
88.5519725878818,"RH55QY","RH5","5QY",-0.39286,51.135588,0
265.903996043794,"RH55QZ","RH5","5QZ",-0.399491,51.134815,1
21.0308884781705,"RH55RD","RH5","5RD",-0.401856,51.132959,1
232.146406920008,"RH55RE","RH5","5RE",-0.398436,51.132247,1
207.486219314315,"RH55RG","RH5","5RG",-0.402374,51.13079,1
87.865876708434,"RH55RH","RH5","5RH",-0.400711,51.128861,1
290.352029456786,"RH55RJ","RH5","5RJ",-0.405771,51.13259,1
793.51283504969,"RH55RL","RH5","5RL",-0.412293,51.130358,0
1786.00770531763,"RH55RP","RH5","5RP",-0.371291,51.166872,0
97.8481938062469,"RH55RQ","RH5","5RQ",-0.401452,51.129356,1
819.943975220254,"RH55RR","RH5","5RR",-0.368449,51.15548,0
1222.96518018303,"RH55RS","RH5","5RS",-0.367999,51.15965,0
1210.69424379611,"RH55RT","RH5","5RT",-0.378951,51.159703,0
328.353625722538,"RH55RX","RH5","5RX",-0.393292,51.161043,0
531.243939963322,"RH55RY","RH5","5RY",-0.394895,51.163561,0
172.139188051708,"RH55RZ","RH5","5RZ",-0.394306,51.157784,0
280.254711887489,"RH55SA","RH5","5SA",-0.39589,51.156232,0
505.003262147681,"RH55SB","RH5","5SB",-0.39431,51.154366,0
625.638840502126,"RH55SD","RH5","5SD",-0.406789,51.162792,0
868.100027275461,"RH55SF","RH5","5SF",-0.368517,51.155966,0
115.544725025721,"RH55SG","RH5","5SG",-0.397555,51.158107,0
419.056261568977,"RH55SH","RH5","5SH",-0.395876,51.154981,0
285.638414837004,"RH55SJ","RH5","5SJ",-0.401898,51.16167,0
1028.88880630412,"RH55SL","RH5","5SL",-0.413946,51.158447,0
1212.33090371678,"RH55SN","RH5","5SN",-0.412615,51.152647,0
403.558709069488,"RH55SP","RH5","5SP",-0.3958,51.155124,0
319.083837682853,"RH55SQ","RH5","5SQ",-0.403495,51.16085,0
396.188130338924,"RH55SS","RH5","5SS",-0.359034,51.152726,0
635.144179261654,"RH55ST","RH5","5ST",-0.356443,51.154907,0
944.690840914281,"RH55SU","RH5","5SU",-0.333217,51.152145,0
508.407181063145,"RH55SX","RH5","5SX",-0.357353,51.153359,0
340.789299389646,"RH55SY","RH5","5SY",-0.357884,51.15178,0
392.614925094165,"RH55SZ","RH5","5SZ",-0.358228,51.152472,0
73.2756219427908,"RH55TA","RH5","5TA",-0.362082,51.146213,1
406.878669437868,"RH55TB","RH5","5TB",-0.358396,51.152668,0
50.8965000646307,"RH55TD","RH5","5TD",-0.360613,51.148926,1
448.550874104592,"RH55TE","RH5","5TE",-0.356623,51.145723,0
555.163724440663,"RH55TF","RH5","5TF",-0.354292,51.146544,0
283.391672924676,"RH55TG","RH5","5TG",-0.364069,51.144199,1
433.031023739528,"RH55TH","RH5","5TH",-0.365483,51.1431,1
382.030532399874,"RH55TJ","RH5","5TJ",-0.367017,51.143692,1
281.609713524854,"RH55TL","RH5","5TL",-0.36546,51.144479,1
451.030170087998,"RH55TN","RH5","5TN",-0.364791,51.142761,1
226.190643591827,"RH55TP","RH5","5TP",-0.364251,51.144792,1
483.102130344549,"RH55TQ","RH5","5TQ",-0.365199,51.142542,1
27.1542397596253,"RH55TR","RH5","5TR",-0.361921,51.149556,1
388.144410505097,"RH55TS","RH5","5TS",-0.358218,51.152423,0
363.422791739745,"RH55TT","RH5","5TT",-0.35814,51.152138,0
23.6655940093512,"RH55WB","RH5","5WB",-0.363074,51.14646,1
120.454429343041,"RH55WD","RH5","5WD",-0.330003,51.233196,1
377.087963893981,"RH55WE","RH5","5WE",-0.357628,51.152068,0
120.454429343041,"RH55WF","RH5","5WF",-0.330003,51.233196,1
120.454429343041,"RH55WJ","RH5","5WJ",-0.330003,51.233196,1
120.454429343041,"RH55WL","RH5","5WL",-0.330003,51.233196,1
120.454429343041,"RH55WN","RH5","5WN",-0.330003,51.233196,1
120.454429343041,"RH55WP","RH5","5WP",-0.330003,51.233196,1
120.454429343041,"RH55WQ","RH5","5WQ",-0.330003,51.233196,1
120.454429343041,"RH55WR","RH5","5WR",-0.330003,51.233196,1
23.6655940093512,"RH55WS","RH5","5WS",-0.363074,51.14646,1
120.454429343041,"RH55WT","RH5","5WT",-0.330003,51.233196,1
377.087963893981,"RH55WU","RH5","5WU",-0.357628,51.152068,0
120.454429343041,"RH55WW","RH5","5WW",-0.330003,51.233196,1
120.454429343041,"RH55WX","RH5","5WX",-0.330003,51.233196,1
120.454429343041,"RH55WY","RH5","5WY",-0.330003,51.233196,1
120.454429343041,"RH55WZ","RH5","5WZ",-0.330003,51.233196,1
120.454429343041,"RH55XB","RH5","5XB",-0.330003,51.233196,1
120.454429343041,"RH55YA","RH5","5YA",-0.330003,51.233196,1
120.454429343041,"RH55YB","RH5","5YB",-0.330003,51.233196,1
120.454429343041,"RH55YD","RH5","5YD",-0.330003,51.233196,1
120.454429343041,"RH55YE","RH5","5YE",-0.330003,51.233196,1
120.454429343041,"RH55YF","RH5","5YF",-0.330003,51.233196,1
791.248731623183,"RH55YG","RH5","5YG",-0.3297,51.150134,0
120.454429343041,"RH55YH","RH5","5YH",-0.330003,51.233196,1
120.454429343041,"RH55YJ","RH5","5YJ",-0.330003,51.233196,1
120.454429343041,"RH55YL","RH5","5YL",-0.330003,51.233196,1
120.454429343041,"RH55YN","RH5","5YN",-0.330003,51.233196,1
944.690840914281,"RH55YP","RH5","5YP",-0.333217,51.152145,0
120.454429343041,"RH55YQ","RH5","5YQ",-0.330003,51.233196,1
944.690840914281,"RH55YR","RH5","5YR",-0.333217,51.152145,0
944.690840914281,"RH55YS","RH5","5YS",-0.333217,51.152145,0
120.454429343041,"RH55YT","RH5","5YT",-0.330003,51.233196,1
944.690840914281,"RH55YU","RH5","5YU",-0.333217,51.152145,0
120.454429343041,"RH55YW","RH5","5YW",-0.330003,51.233196,1
23.6655940093512,"RH55YX","RH5","5YX",-0.363074,51.14646,1
120.454429343041,"RH55YY","RH5","5YY",-0.330003,51.233196,1
120.454429343041,"RH55YZ","RH5","5YZ",-0.330003,51.233196,1
120.454429343041,"RH55ZE","RH5","5ZE",-0.330003,51.233196,1
538.812719171131,"RH56AA","RH5","6AA",-0.331855,51.24815,0
247.334887324292,"RH56AB","RH5","6AB",-0.327987,51.249309,0
192.931127182534,"RH56AD","RH5","6AD",-0.324194,51.251312,1
236.953239317285,"RH56AE","RH5","6AE",-0.323941,51.247479,0
157.807319249056,"RH56AF","RH5","6AF",-0.327311,51.254119,1
82.0854722684905,"RH56AG","RH5","6AG",-0.43061,51.214813,1
88.7415540883899,"RH56AH","RH5","6AH",-0.330063,51.254096,1
242.796667634825,"RH56AJ","RH5","6AJ",-0.33244,51.253752,1
343.380377159459,"RH56AL","RH5","6AL",-0.334043,51.25382,1
427.711428713505,"RH56AN","RH5","6AN",-0.335458,51.255117,1
251.557915921982,"RH56AP","RH5","6AP",-0.328951,51.252504,1
120.454429343041,"RH56AQ","RH5","6AQ",-0.330003,51.233196,1
411.721724757285,"RH56AR","RH5","6AR",-0.332022,51.251453,1
340.408904145471,"RH56AS","RH5","6AS",-0.331967,51.252171,1
293.893349452027,"RH56AT","RH5","6AT",-0.332733,51.25318,1
471.689932114149,"RH56AU","RH5","6AU",-0.334982,51.252403,1
189.296291830161,"RH56AW","RH5","6AW",-0.330525,51.253221,1
527.358655294513,"RH56AX","RH5","6AX",-0.335568,51.252052,1
652.040689791247,"RH56AY","RH5","6AY",-0.338709,51.254758,0
1409.3831304611,"RH56AZ","RH5","6AZ",-0.349561,51.255451,0
1586.53873318184,"RH56BA","RH5","6BA",-0.354336,51.255779,0
1625.35596183621,"RH56BB","RH5","6BB",-0.374821,51.259276,0
1822.57576416035,"RH56BD","RH5","6BD",-0.373533,51.257603,0
1469.28710089345,"RH56BE","RH5","6BE",-0.375967,51.250749,0
1292.1357616569,"RH56BF","RH5","6BF",-0.408601,51.218608,0
66.3717225900839,"RH56BG","RH5","6BG",-0.329791,51.255279,1
196.012489665511,"RH56BH","RH5","6BH",-0.410653,51.186969,0
398.870884454242,"RH56BJ","RH5","6BJ",-0.399042,51.250363,0
1593.37775482854,"RH56BL","RH5","6BL",-0.389648,51.175423,0
95.2534925416211,"RH56BN","RH5","6BN",-0.321541,51.258308,0
318.653296259828,"RH56BP","RH5","6BP",-0.321226,51.251613,0
635.705076042246,"RH56BQ","RH5","6BQ",-0.336843,51.258014,1
267.756368436562,"RH56BS","RH5","6BS",-0.324547,51.253288,1
165.545893170783,"RH56BT","RH5","6BT",-0.327744,51.253649,1
321.124363208197,"RH56BU","RH5","6BU",-0.333827,51.255426,1
158.649972352475,"RH56BW","RH5","6BW",-0.327312,51.254101,1
77.7715093979329,"RH56BX","RH5","6BX",-0.321785,51.254346,0
37.8095365603604,"RH56BY","RH5","6BY",-0.322592,51.25817,0
349.253916031277,"RH56BZ","RH5","6BZ",-0.321709,51.260916,0
426.705743949075,"RH56DA","RH5","6DA",-0.320866,51.2615,0
237.343743277429,"RH56DB","RH5","6DB",-0.323099,51.26512,0
402.125253629804,"RH56DD","RH5","6DD",-0.326358,51.260625,0
423.623564530559,"RH56DE","RH5","6DE",-0.32581,51.261103,0
123.014409924068,"RH56DF","RH5","6DF",-0.316159,51.262835,0
644.581140203968,"RH56DG","RH5","6DG",-0.300453,51.268184,0
666.877315864427,"RH56DH","RH5","6DH",-0.290341,51.259835,0
344.848711435209,"RH56DJ","RH5","6DJ",-0.324253,51.264111,0
149.573300862491,"RH56DL","RH5","6DL",-0.324018,51.265861,1
530.522986364851,"RH56DN","RH5","6DN",-0.324905,51.274192,0
555.491550319206,"RH56DP","RH5","6DP",-0.314833,51.273212,0
119.804027860732,"RH56DQ","RH5","6DQ",-0.291824,51.264668,0
31.7832044552027,"RH56DU","RH5","6DU",-0.324188,51.267483,1
49.5417156208223,"RH56DW","RH5","6DW",-0.405425,51.202342,0
24.5818503297441,"RH56DX","RH5","6DX",-0.323558,51.267078,1
79.3152119395252,"RH56DY","RH5","6DY",-0.324994,51.267791,1
155.992392025213,"RH56EA","RH5","6EA",-0.324924,51.268923,1
95.0212582724717,"RH56EB","RH5","6EB",-0.323548,51.268517,1
153.796583803885,"RH56ED","RH5","6ED",-0.323116,51.268987,1
117.599886828772,"RH56EE","RH5","6EE",-0.322518,51.268853,1
63.3979619518579,"RH56EF","RH5","6EF",-0.319934,51.268959,1
165.875116526653,"RH56EG","RH5","6EG",-0.318445,51.268902,1
50.0058029783666,"RH56EH","RH5","6EH",-0.321139,51.270514,1
428.201229726963,"RH56EJ","RH5","6EJ",-0.319705,51.273828,0
212.539419345705,"RH56EL","RH5","6EL",-0.319589,51.271751,1
238.912763533585,"RH56EN","RH5","6EN",-0.318999,51.271797,1
120.454429343041,"RH56EP","RH5","6EP",-0.330003,51.233196,1
139.681633495097,"RH56EQ","RH5","6EQ",-0.323124,51.269309,1
497.834584482571,"RH56ER","RH5","6ER",-0.330333,51.269603,0
514.131372027137,"RH56ES","RH5","6ES",-0.331216,51.268168,0
690.699497852793,"RH56ET","RH5","6ET",-0.332148,51.263792,0
77.9960570682642,"RH56EW","RH5","6EW",-0.320067,51.270418,1
120.454429343041,"RH56EX","RH5","6EX",-0.330003,51.233196,1
804.515670396385,"RH56EZ","RH5","6EZ",-0.333146,51.261585,0
120.454429343041,"RH56FA","RH5","6FA",-0.330003,51.233196,1
120.454429343041,"RH56FB","RH5","6FB",-0.330003,51.233196,1
120.454429343041,"RH56FD","RH5","6FD",-0.330003,51.233196,1
523.485319148275,"RH56FE","RH5","6FE",-0.384283,51.216251,0
49.2906751900109,"RH56FF","RH5","6FF",-0.321391,51.269511,1
523.485319148275,"RH56FG","RH5","6FG",-0.384283,51.216251,0
120.454429343041,"RH56FH","RH5","6FH",-0.330003,51.233196,1
49.2906751900109,"RH56FJ","RH5","6FJ",-0.321391,51.269511,1
120.454429343041,"RH56FL","RH5","6FL",-0.330003,51.233196,1
523.485319148275,"RH56FN","RH5","6FN",-0.384283,51.216251,0
120.454429343041,"RH56FP","RH5","6FP",-0.330003,51.233196,1
523.485319148275,"RH56FQ","RH5","6FQ",-0.384283,51.216251,0
120.454429343041,"RH56FR","RH5","6FR",-0.330003,51.233196,1
49.2906751900109,"RH56FS","RH5","6FS",-0.321391,51.269511,1
120.454429343041,"RH56FT","RH5","6FT",-0.330003,51.233196,1
120.454429343041,"RH56FU","RH5","6FU",-0.330003,51.233196,1
120.454429343041,"RH56FW","RH5","6FW",-0.330003,51.233196,1
120.454429343041,"RH56FX","RH5","6FX",-0.330003,51.233196,1
120.454429343041,"RH56FY","RH5","6FY",-0.330003,51.233196,1
838.837893058608,"RH56HA","RH5","6HA",-0.346943,51.183769,0
771.223908027188,"RH56HB","RH5","6HB",-0.350101,51.185505,0
525.987709219548,"RH56HD","RH5","6HD",-0.353516,51.18442,0
464.238872732298,"RH56HE","RH5","6HE",-0.35481,51.184258,0
93.5066162574047,"RH56HF","RH5","6HF",-0.356509,51.180334,0
215.25008346087,"RH56HG","RH5","6HG",-0.358827,51.178703,0
546.96803212668,"RH56HH","RH5","6HH",-0.356144,51.175725,0
1057.95537521611,"RH56HJ","RH5","6HJ",-0.356782,51.171039,0
1232.88224187252,"RH56HN","RH5","6HN",-0.356633,51.192944,0
314.86718410612,"RH56HP","RH5","6HP",-0.354572,51.178559,0
485.109534544979,"RH56HQ","RH5","6HQ",-0.350948,51.179815,0
834.919747900477,"RH56HS","RH5","6HS",-0.393098,51.21229,0
1108.08894252448,"RH56HT","RH5","6HT",-0.39656,51.210314,0
807.418785551471,"RH56HX","RH5","6HX",-0.399395,51.20823,0
273.252571342869,"RH56HY","RH5","6HY",-0.401264,51.202231,0
180.335288328553,"RH56HZ","RH5","6HZ",-0.404256,51.20345,0
129.290707320067,"RH56JA","RH5","6JA",-0.403723,51.201191,0
120.454429343041,"RH56JB","RH5","6JB",-0.330003,51.233196,1
132.159704671372,"RH56JD","RH5","6JD",-0.407046,51.201824,0
334.712785544854,"RH56JE","RH5","6JE",-0.402223,51.198917,0
469.248948005525,"RH56JF","RH5","6JF",-0.40038,51.198388,0
594.609867635123,"RH56JH","RH5","6JH",-0.399164,51.197544,0
801.243464236993,"RH56JJ","RH5","6JJ",-0.397312,51.196062,0
765.083927415891,"RH56JL","RH5","6JL",-0.395841,51.195151,0
888.206117510377,"RH56JN","RH5","6JN",-0.388524,51.191139,0
960.722781138832,"RH56JP","RH5","6JP",-0.391515,51.203192,0
548.206493767856,"RH56JQ","RH5","6JQ",-0.398651,51.198733,0
1260.82616132374,"RH56JR","RH5","6JR",-0.387229,51.200384,0
1540.73958780487,"RH56JS","RH5","6JS",-0.37913,51.191729,0
1367.02126449862,"RH56JU","RH5","6JU",-0.381196,51.189122,0
1102.92946097544,"RH56JW","RH5","6JW",-0.385169,51.190526,0
1572.01703727241,"RH56JX","RH5","6JX",-0.376279,51.192642,0
1944.6932234356,"RH56JY","RH5","6JY",-0.377347,51.198484,0
1702.59529131668,"RH56JZ","RH5","6JZ",-0.371826,51.195953,0
338.970378574293,"RH56LA","RH5","6LA",-0.407445,51.185283,0
1002.56925669174,"RH56LB","RH5","6LB",-0.391838,51.181473,0
343.495654094191,"RH56LG","RH5","6LG",-0.406413,51.184496,0
299.944103953687,"RH56LH","RH5","6LH",-0.405956,51.18904,0
94.2340844450814,"RH56LJ","RH5","6LJ",-0.400057,51.188312,0
645.737991610258,"RH56LL","RH5","6LL",-0.396424,51.194131,0
744.561526236156,"RH56LN","RH5","6LN",-0.395339,51.194767,0
1087.87583564369,"RH56LP","RH5","6LP",-0.386109,51.185728,0
94.531188200184,"RH56LQ","RH5","6LQ",-0.400071,51.188303,0
1192.49013493389,"RH56LS","RH5","6LS",-0.389109,51.180931,0
1785.08451751968,"RH56LU","RH5","6LU",-0.387379,51.174343,0
516.150093537696,"RH56LW","RH5","6LW",-0.394169,51.19107,0
1443.56913694592,"RH56LX","RH5","6LX",-0.376212,51.173361,0
1783.42366362502,"RH56LY","RH5","6LY",-0.378922,51.170728,0
1490.37806903849,"RH56LZ","RH5","6LZ",-0.388673,51.171294,0
1072.06235916191,"RH56NA","RH5","6NA",-0.402653,51.169085,0
980.373361447117,"RH56NB","RH5","6NB",-0.409846,51.165519,0
927.919099964675,"RH56ND","RH5","6ND",-0.408426,51.177563,0
304.408611968,"RH56NE","RH5","6NE",-0.409667,51.183497,0
248.917980784112,"RH56NH","RH5","6NH",-0.412,51.190965,0
171.821138862572,"RH56NJ","RH5","6NJ",-0.41245,51.194119,0
105.353843461894,"RH56NL","RH5","6NL",-0.415407,51.195517,0
704.856925617135,"RH56NN","RH5","6NN",-0.421889,51.199337,1
119.499077781554,"RH56NP","RH5","6NP",-0.410988,51.18543,0
588.211370936238,"RH56NR","RH5","6NR",-0.414535,51.180065,0
926.987428813812,"RH56NS","RH5","6NS",-0.420416,51.173355,0
818.218761983651,"RH56NT","RH5","6NT",-0.420451,51.17233,0
1010.02297441888,"RH56NU","RH5","6NU",-0.426202,51.174422,0
497.055972853456,"RH56NW","RH5","6NW",-0.422608,51.193929,1
675.843583662106,"RH56NX","RH5","6NX",-0.423642,51.171465,0
180.618217100836,"RH56PB","RH5","6PB",-0.410124,51.185298,0
197.175988401088,"RH56PD","RH5","6PD",-0.410735,51.187105,0
368.97284839643,"RH56PE","RH5","6PE",-0.40814,51.183782,0
36.7010084566071,"RH56PF","RH5","6PF",-0.413725,51.188651,0
137.049388313969,"RH56PG","RH5","6PG",-0.415415,51.188311,0
1203.86657621481,"RH56PN","RH5","6PN",-0.426916,51.202615,1
707.97535367225,"RH56PR","RH5","6PR",-0.415923,51.200929,0
476.632939863888,"RH56PS","RH5","6PS",-0.416143,51.198824,0
821.189930816354,"RH56PT","RH5","6PT",-0.416461,51.20402,1
1022.49922626785,"RH56PU","RH5","6PU",-0.419297,51.204391,1
973.81177553948,"RH56PW","RH5","6PW",-0.422628,51.201999,1
1094.09236261232,"RH56PX","RH5","6PX",-0.416681,51.211802,0
1279.40016771558,"RH56PY","RH5","6PY",-0.411813,51.212653,0
1210.86634869051,"RH56PZ","RH5","6PZ",-0.414356,51.214477,0
889.366548682844,"RH56QA","RH5","6QA",-0.419047,51.215476,0
912.343958661414,"RH56QB","RH5","6QB",-0.400039,51.214435,0
961.731389278893,"RH56QD","RH5","6QD",-0.40023,51.21388,0
1015.18951270696,"RH56QE","RH5","6QE",-0.405038,51.211059,0
912.343958661414,"RH56QF","RH5","6QF",-0.400039,51.214435,0
842.847846531616,"RH56QG","RH5","6QG",-0.398022,51.213976,0
534.821531232254,"RH56QH","RH5","6QH",-0.38403,51.216272,0
1013.59740403955,"RH56QJ","RH5","6QJ",-0.381541,51.21196,0
1095.62919547037,"RH56QL","RH5","6QL",-0.38105,51.211278,0
707.855762229663,"RH56QN","RH5","6QN",-0.383739,51.214353,0
75.5156775451361,"RH56QP","RH5","6QP",-0.431198,51.21519,1
313.296727544684,"RH56QQ","RH5","6QQ",-0.388647,51.216761,0
335.105441352692,"RH56QR","RH5","6QR",-0.388164,51.216646,0
899.681825808955,"RH56QS","RH5","6QS",-0.403002,51.219008,0
528.624065047521,"RH56QT","RH5","6QT",-0.384417,51.2161,0
551.578728389667,"RH56QW","RH5","6QW",-0.386041,51.215106,0
88.3444108221269,"RH56QX","RH5","6QX",-0.43088,51.214017,1
196.108422350312,"RH56QY","RH5","6QY",-0.43245,51.212895,1
775.551437778842,"RH56QZ","RH5","6QZ",-0.432543,51.207645,0
985.202554737317,"RH56RA","RH5","6RA",-0.433768,51.205833,0
1078.32308304508,"RH56RB","RH5","6RB",-0.431147,51.204911,0
1117.51666398846,"RH56RD","RH5","6RD",-0.428762,51.204726,0
1270.65524840814,"RH56RE","RH5","6RE",-0.426279,51.203658,1
1181.92656413723,"RH56RG","RH5","6RG",-0.427998,51.203196,1
1024.50965195029,"RH56RH","RH5","6RH",-0.429398,51.202018,0
901.661542602277,"RH56RJ","RH5","6RJ",-0.432043,51.202249,0
858.052482489833,"RH56RL","RH5","6RL",-0.430804,51.200661,0
796.794325347882,"RH56RN","RH5","6RN",-0.430678,51.199338,0
900.120748219575,"RH56RP","RH5","6RP",-0.427414,51.197226,1
1062.24769630258,"RH56RQ","RH5","6RQ",-0.429757,51.202833,0
49.5417156208223,"RH56RR","RH5","6RR",-0.405425,51.202342,0
712.437137840885,"RH56RS","RH5","6RS",-0.434053,51.201101,0
129.518004847983,"RH56RX","RH5","6RX",-0.432327,51.216113,1
77.3404723442829,"RH56RY","RH5","6RY",-0.433751,51.216321,1
154.085869912413,"RH56RZ","RH5","6RZ",-0.433756,51.217023,1
264.56871496419,"RH56SA","RH5","6SA",-0.437298,51.216863,1
279.831238253939,"RH56SB","RH5","6SB",-0.436136,51.217792,1
570.902221625565,"RH56SD","RH5","6SD",-0.435119,51.220737,0
150.847452476615,"RH56SE","RH5","6SE",-0.432966,51.216829,1
609.981850618802,"RH56SF","RH5","6SF",-0.430596,51.220694,0
129.468228837457,"RH56SG","RH5","6SG",-0.431328,51.215737,1
398.111321440105,"RH56SH","RH5","6SH",-0.426052,51.214959,0
488.846813618913,"RH56SJ","RH5","6SJ",-0.425681,51.212382,0
1164.17213444257,"RH56SL","RH5","6SL",-0.409369,51.239263,0
630.9263063637,"RH56SN","RH5","6SN",-0.40155,51.241674,0
524.169628962641,"RH56SP","RH5","6SP",-0.352887,51.243385,0
166.869660257822,"RH56SQ","RH5","6SQ",-0.430149,51.215724,1
523.563902760296,"RH56SR","RH5","6SR",-0.367951,51.241204,0
589.936849798587,"RH56SS","RH5","6SS",-0.399311,51.241628,0
190.662526347521,"RH56ST","RH5","6ST",-0.399658,51.248143,0
366.626126189863,"RH56SU","RH5","6SU",-0.40073,51.244093,0
1072.74123158598,"RH56SX","RH5","6SX",-0.409394,51.240462,0
691.791735594508,"RH56SY","RH5","6SY",-0.388207,51.245351,0
1877.4866466837,"RH56SZ","RH5","6SZ",-0.422755,51.24037,0
226.092191714777,"RH56TD","RH5","6TD",-0.432274,51.212596,1
120.454429343041,"RH56TE","RH5","6TE",-0.330003,51.233196,1
226.092191714777,"RH56TF","RH5","6TF",-0.432274,51.212596,1
1108.08894252448,"RH56TG","RH5","6TG",-0.39656,51.210314,0
515.240209005142,"RH56TQ","RH5","6TQ",-0.334935,51.251719,1
120.454429343041,"RH56WA","RH5","6WA",-0.330003,51.233196,1
120.454429343041,"RH56WB","RH5","6WB",-0.330003,51.233196,1
524.170501487697,"RH56WD","RH5","6WD",-0.383488,51.216861,0
120.454429343041,"RH56WE","RH5","6WE",-0.330003,51.233196,1
120.454429343041,"RH56WL","RH5","6WL",-0.330003,51.233196,1
120.454429343041,"RH56WP","RH5","6WP",-0.330003,51.233196,1
120.454429343041,"RH56WX","RH5","6WX",-0.330003,51.233196,1
120.454429343041,"RH56WY","RH5","6WY",-0.330003,51.233196,1
120.454429343041,"RH56XQ","RH5","6XQ",-0.330003,51.233196,1
120.454429343041,"RH56YA","RH5","6YA",-0.330003,51.233196,1
120.454429343041,"RH56YB","RH5","6YB",-0.330003,51.233196,1
120.454429343041,"RH56YD","RH5","6YD",-0.330003,51.233196,1
120.454429343041,"RH56YE","RH5","6YE",-0.330003,51.233196,1
120.454429343041,"RH56YF","RH5","6YF",-0.330003,51.233196,1
120.454429343041,"RH56YG","RH5","6YG",-0.330003,51.233196,1
523.485319148275,"RH56YH","RH5","6YH",-0.384283,51.216251,0
523.485319148275,"RH56YJ","RH5","6YJ",-0.384283,51.216251,0
120.454429343041,"RH56YL","RH5","6YL",-0.330003,51.233196,1
120.454429343041,"RH56YN","RH5","6YN",-0.330003,51.233196,1
120.454429343041,"RH56YP","RH5","6YP",-0.330003,51.233196,1
120.454429343041,"RH56YQ","RH5","6YQ",-0.330003,51.233196,1
523.485319148275,"RH56YR","RH5","6YR",-0.384283,51.216251,0
120.454429343041,"RH56YS","RH5","6YS",-0.330003,51.233196,1
120.454429343041,"RH56YT","RH5","6YT",-0.330003,51.233196,1
515.240209005142,"RH56YU","RH5","6YU",-0.334935,51.251719,1
120.454429343041,"RH56YW","RH5","6YW",-0.330003,51.233196,1
523.485319148275,"RH56YX","RH5","6YX",-0.384283,51.216251,0
120.454429343041,"RH56YY","RH5","6YY",-0.330003,51.233196,1
120.454429343041,"RH56YZ","RH5","6YZ",-0.330003,51.233196,1
120.454429343041,"RH56ZP","RH5","6ZP",-0.330003,51.233196,1
