"X","postcode","lsoa","id_greenspace","greenspace_description","nearest_greenspace_area_m2","nearest_greenspace_distance_m","greenspace_count_1000_m_radius","greenspace_area_sum_1000_m_radius","lsoa_population_per_pcd","distance_category","lsoa_mean_nearest_greenspace_distance_m","lsoa_mean_nearest_greenspace_area_m2","lsoa_mean_greenspace_count_1000_m_radius","lsoa_mean_greenspace_area_sum_1000_m_radius","popbypark","pcds","pcd_start","pcd_end","pcd_nospace"
625,"BS351TQ","E01014985","9E89106B-B259-2C71-E053-A03BA40A7146","Playing Field",24330.6510499999,585.76447,2,57615,22.3692307692308,"300-600m",701.496076615384,24881.6757115384,1.92307692307692,55054.6153846154,7890.70968658573,"BS35 1TQ","BS35","1TQ","BS351TQ"
6633,"BS355RF","E01014861","9E89106B-F8CD-2C71-E053-A03BA40A7146","Playing Field",21992.6047999956,78.10249,1,21992,13.3037974683544,"Less than or equal to 300m",576.135319681818,22685.1836878792,1.59090909090909,66139.1818181818,305.98803946975,"BS35 5RF","BS35","5RF","BS355RF"
11706,"BS351UN","E01014985","9E89106B-B259-2C71-E053-A03BA40A7146","Playing Field",24330.6510499999,617.59937,2,57615,22.3692307692308,"600-900m",701.496076615384,24881.6757115384,1.92307692307692,55054.6153846154,7890.70968658573,"BS35 1UN","BS35","1UN","BS351UN"
11707,"BS359TJ","E01014986","9E89106B-B1BE-2C71-E053-A03BA40A7146","Playing Field",33284.8018,123.42204,3,129740,12.5190839694657,"Less than or equal to 300m",223.350800885496,31440.1782114504,2.79389312977099,114874.541984733,2635.33409016767,"BS35 9TJ","BS35","9TJ","BS359TJ"
19871,"BS352EF","E01014991","9E89106B-B259-2C71-E053-A03BA40A7146","Playing Field",24330.6510499999,380.21704,3,129740,15.5034013605442,"300-600m",345.670274904762,48548.3862091849,2.84353741496599,123622.034013605,7890.70968658573,"BS35 2EF","BS35","2EF","BS352EF"
19872,"BS359TQ","E01014986","9E89106B-B1BE-2C71-E053-A03BA40A7146","Playing Field",33284.8018,123.42204,3,129740,12.5190839694657,"Less than or equal to 300m",223.350800885496,31440.1782114504,2.79389312977099,114874.541984733,2635.33409016767,"BS35 9TQ","BS35","9TQ","BS359TQ"
23067,"BS351TE","E01014985","9E89106B-B259-2C71-E053-A03BA40A7146","Playing Field",24330.6510499999,629.8198,2,57615,22.3692307692308,"600-900m",701.496076615384,24881.6757115384,1.92307692307692,55054.6153846154,7890.70968658573,"BS35 1TE","BS35","1TE","BS351TE"
28381,"BS352BQ","E01014991","9E89106B-B290-2C71-E053-A03BA40A7146","Playing Field",72124.9151000025,115.212845,3,129740,15.5034013605442,"Less than or equal to 300m",345.670274904762,48548.3862091849,2.84353741496599,123622.034013605,1200.31235394921,"BS35 2BQ","BS35","2BQ","BS352BQ"
36720,"BS351DE","E01014986","9E89106B-B1BE-2C71-E053-A03BA40A7146","Playing Field",33284.8018,119.92081,3,129740,12.5190839694657,"Less than or equal to 300m",223.350800885496,31440.1782114504,2.79389312977099,114874.541984733,2635.33409016767,"BS35 1DE","BS35","1DE","BS351DE"
41726,"BS351JS","E01014985","9E89106B-B259-2C71-E053-A03BA40A7146","Playing Field",24330.6510499999,613.1688,2,57615,22.3692307692308,"600-900m",701.496076615384,24881.6757115384,1.92307692307692,55054.6153846154,7890.70968658573,"BS35 1JS","BS35","1JS","BS351JS"
44470,"BS351SQ","E01014987","9E89106B-B1BE-2C71-E053-A03BA40A7146","Playing Field",33284.8018,742.6473,2,57615,16.4111111111111,"600-900m",624.410508433333,33085.8206722222,2.06666666666667,69857.9555555556,2635.33409016767,"BS35 1SQ","BS35","1SQ","BS351SQ"
44806,"BS354PF","E01014954","9E89106B-E56E-2C71-E053-A03BA40A7146","Playing Field",20257.9126500041,514.8398,1,20257,36.1818181818182,"300-600m",259.732080681818,20257.9126500041,1,20257,2307.08661417323,"BS35 4PF","BS35","4PF","BS354PF"
45316,"BS352FR","E01014993","9E89106B-B259-2C71-E053-A03BA40A7146","Playing Field",24330.6510499999,885.95996,2,96455,18.9012345679012,"600-900m",1089.01577338983,22890.2455042374,1.06779661016949,27779.6949152542,7890.70968658573,"BS35 2FR","BS35","2FR","BS352FR"
57796,"BS351ET","E01014987","9E89106B-B1BE-2C71-E053-A03BA40A7146","Playing Field",33284.8018,186.52614,3,129740,16.4111111111111,"Less than or equal to 300m",624.410508433333,33085.8206722222,2.06666666666667,69857.9555555556,2635.33409016767,"BS35 1ET","BS35","1ET","BS351ET"
57797,"BS352BW","E01014991","9E89106B-B290-2C71-E053-A03BA40A7146","Playing Field",72124.9151000025,297.43066,3,129740,15.5034013605442,"Less than or equal to 300m",345.670274904762,48548.3862091849,2.84353741496599,123622.034013605,1200.31235394921,"BS35 2BW","BS35","2BW","BS352BW"
65845,"BS354DL","E01014963","9E89103D-AA3C-2C71-E053-A03BA40A7146","Playing Field",6733.95254999965,448.13055,2,7643,11.3291925465839,"300-600m",891.458052753968,9074.2370654758,2.97619047619048,41204.5634920635,917.664596273291,"BS35 4DL","BS35","4DL","BS354DL"
69048,"BS351SB","E01014987","9E89106B-B1BE-2C71-E053-A03BA40A7146","Playing Field",33284.8018,780.87195,2,57615,16.4111111111111,"600-900m",624.410508433333,33085.8206722222,2.06666666666667,69857.9555555556,2635.33409016767,"BS35 1SB","BS35","1SB","BS351SB"
74243,"BS353JG","E01014864","9E89106B-C74A-2C71-E053-A03BA40A7146","Playing Field",13718.4428500001,118.34272,2,39411,13.6111111111111,"Less than or equal to 300m",394.070600096385,19843.9631415665,1.78313253012048,36501.9156626506,1047.13367712676,"BS35 3JG","BS35","3JG","BS353JG"
78266,"BS354PS","E01014954","9E89106B-E56E-2C71-E053-A03BA40A7146","Playing Field",20257.9126500041,120.83046,1,20257,36.1818181818182,"Less than or equal to 300m",259.732080681818,20257.9126500041,1,20257,2307.08661417323,"BS35 4PS","BS35","4PS","BS354PS"
79877,"BS355SD","E01014861","9E89106B-F8CD-2C71-E053-A03BA40A7146","Playing Field",21992.6047999956,132.84953,1,21992,13.3037974683544,"Less than or equal to 300m",576.135319681818,22685.1836878792,1.59090909090909,66139.1818181818,305.98803946975,"BS35 5SD","BS35","5SD","BS355SD"
81348,"BS352AU","E01014991","9E89106B-B259-2C71-E053-A03BA40A7146","Playing Field",24330.6510499999,184.45866,3,129740,15.5034013605442,"Less than or equal to 300m",345.670274904762,48548.3862091849,2.84353741496599,123622.034013605,7890.70968658573,"BS35 2AU","BS35","2AU","BS352AU"
83671,"BS351PL","E01014962","9E89106B-829F-2C71-E053-A03BA40A7146","Playing Field",33031.7334500017,473.8143,1,33031,8.93298969072165,"300-600m",786.048303421053,33031.7334500017,1,33031,339.453608247423,"BS35 1PL","BS35","1PL","BS351PL"
84725,"BS354DQ","E01014963","9E89103D-AA3C-2C71-E053-A03BA40A7146","Playing Field",6733.95254999965,817.71936,1,6733,11.3291925465839,"600-900m",891.458052753968,9074.2370654758,2.97619047619048,41204.5634920635,917.664596273291,"BS35 4DQ","BS35","4DQ","BS354DQ"
85630,"BS359SH","E01014986","9E89106B-B1BE-2C71-E053-A03BA40A7146","Playing Field",33284.8018,123.42204,3,129740,12.5190839694657,"Less than or equal to 300m",223.350800885496,31440.1782114504,2.79389312977099,114874.541984733,2635.33409016767,"BS35 9SH","BS35","9SH","BS359SH"
86399,"BS351DW","E01014986","9E89106B-B259-2C71-E053-A03BA40A7146","Playing Field",24330.6510499999,169.00888,3,129740,12.5190839694657,"Less than or equal to 300m",223.350800885496,31440.1782114504,2.79389312977099,114874.541984733,7890.70968658573,"BS35 1DW","BS35","1DW","BS351DW"
86400,"BS353PT","E01014863","9E89106B-C859-2C71-E053-A03BA40A7146","Playing Field",25693.2959500003,568.0326,2,39411,15.8172043010753,"300-600m",382.732130419355,22216.7256951615,2,39411,1555.09597769813,"BS35 3PT","BS35","3PT","BS353PT"
87162,"BS352EN","E01014990","9E89106B-B259-2C71-E053-A03BA40A7146","Playing Field",24330.6510499999,556.8052,3,129740,22.2923076923077,"300-600m",384.701363846154,24330.6510499999,2.58461538461538,103963.153846154,7890.70968658573,"BS35 2EN","BS35","2EN","BS352EN"
87790,"BS351UH","E01014985","9E89106B-B259-2C71-E053-A03BA40A7146","Playing Field",24330.6510499999,807.93195,2,57615,22.3692307692308,"600-900m",701.496076615384,24881.6757115384,1.92307692307692,55054.6153846154,7890.70968658573,"BS35 1UH","BS35","1UH","BS351UH"
89805,"BS351QG","E01014962","9E89106B-829F-2C71-E053-A03BA40A7146","Playing Field",33031.7334500017,304.34518,1,33031,8.93298969072165,"300-600m",786.048303421053,33031.7334500017,1,33031,339.453608247423,"BS35 1QG","BS35","1QG","BS351QG"
89806,"BS352AN","E01014991","9E89106B-B290-2C71-E053-A03BA40A7146","Playing Field",72124.9151000025,61.400326,3,129740,15.5034013605442,"Less than or equal to 300m",345.670274904762,48548.3862091849,2.84353741496599,123622.034013605,1200.31235394921,"BS35 2AN","BS35","2AN","BS352AN"
89807,"BS353LF","E01014864","9E89106B-C74A-2C71-E053-A03BA40A7146","Playing Field",13718.4428500001,130.66751,2,39411,13.6111111111111,"Less than or equal to 300m",394.070600096385,19843.9631415665,1.78313253012048,36501.9156626506,1047.13367712676,"BS35 3LF","BS35","3LF","BS353LF"
91170,"BS352YG","E01014990","9E89106B-B259-2C71-E053-A03BA40A7146","Playing Field",24330.6510499999,747.7413,2,57615,22.2923076923077,"600-900m",384.701363846154,24330.6510499999,2.58461538461538,103963.153846154,7890.70968658573,"BS35 2YG","BS35","2YG","BS352YG"
92119,"BS351PN","E01014962","9E89106B-829F-2C71-E053-A03BA40A7146","Playing Field",33031.7334500017,825.349,1,33031,8.93298969072165,"600-900m",786.048303421053,33031.7334500017,1,33031,339.453608247423,"BS35 1PN","BS35","1PN","BS351PN"
93098,"BS351FW","E01014985","9E89106B-B259-2C71-E053-A03BA40A7146","Playing Field",24330.6510499999,690.0529,2,57615,22.3692307692308,"600-900m",701.496076615384,24881.6757115384,1.92307692307692,55054.6153846154,7890.70968658573,"BS35 1FW","BS35","1FW","BS351FW"
93099,"BS354DD","E01014963","9E89103D-AA3C-2C71-E053-A03BA40A7146","Playing Field",6733.95254999965,429.62427,2,48950,11.3291925465839,"300-600m",891.458052753968,9074.2370654758,2.97619047619048,41204.5634920635,917.664596273291,"BS35 4DD","BS35","4DD","BS354DD"
93100,"BS359SU","E01014986","9E89106B-B1BE-2C71-E053-A03BA40A7146","Playing Field",33284.8018,123.42204,3,129740,12.5190839694657,"Less than or equal to 300m",223.350800885496,31440.1782114504,2.79389312977099,114874.541984733,2635.33409016767,"BS35 9SU","BS35","9SU","BS359SU"
99113,"BS353LX","E01014864","9E89106B-C74A-2C71-E053-A03BA40A7146","Playing Field",13718.4428500001,200.2049,2,39411,13.6111111111111,"Less than or equal to 300m",394.070600096385,19843.9631415665,1.78313253012048,36501.9156626506,1047.13367712676,"BS35 3LX","BS35","3LX","BS353LX"
108735,"BS352AX","E01014991","9E89106B-B259-2C71-E053-A03BA40A7146","Playing Field",24330.6510499999,141.31525,3,129740,15.5034013605442,"Less than or equal to 300m",345.670274904762,48548.3862091849,2.84353741496599,123622.034013605,7890.70968658573,"BS35 2AX","BS35","2AX","BS352AX"
108736,"BS352HE","E01014990","9E89106B-B259-2C71-E053-A03BA40A7146","Playing Field",24330.6510499999,394.68088,3,129740,22.2923076923077,"300-600m",384.701363846154,24330.6510499999,2.58461538461538,103963.153846154,7890.70968658573,"BS35 2HE","BS35","2HE","BS352HE"
108737,"BS352YD","E01014992","9E89106B-B259-2C71-E053-A03BA40A7146","Playing Field",24330.6510499999,987.60516,1,24330,27.7307692307692,"900-1800m",915.784045,24330.6510499999,1.11538461538462,31158.2692307692,7890.70968658573,"BS35 2YD","BS35","2YD","BS352YD"
108738,"BS353HZ","E01014863","9E89106B-C74A-2C71-E053-A03BA40A7146","Playing Field",13718.4428500001,394.3818,2,39411,15.8172043010753,"300-600m",382.732130419355,22216.7256951615,2,39411,1047.13367712676,"BS35 3HZ","BS35","3HZ","BS353HZ"
115666,"BS352AR","E01014991","9E89106B-B290-2C71-E053-A03BA40A7146","Playing Field",72124.9151000025,97.637085,3,129740,15.5034013605442,"Less than or equal to 300m",345.670274904762,48548.3862091849,2.84353741496599,123622.034013605,1200.31235394921,"BS35 2AR","BS35","2AR","BS352AR"
118593,"BS353UU","E01014991","9E89106B-B290-2C71-E053-A03BA40A7146","Playing Field",72124.9151000025,637.6402,2,96455,15.5034013605442,"600-900m",345.670274904762,48548.3862091849,2.84353741496599,123622.034013605,1200.31235394921,"BS35 3UU","BS35","3UU","BS353UU"
120958,"BS351JZ","E01014985","9E89106B-B259-2C71-E053-A03BA40A7146","Playing Field",24330.6510499999,567.067,2,57615,22.3692307692308,"300-600m",701.496076615384,24881.6757115384,1.92307692307692,55054.6153846154,7890.70968658573,"BS35 1JZ","BS35","1JZ","BS351JZ"
120959,"BS354DY","E01014963","9E89103D-AA3C-2C71-E053-A03BA40A7146","Playing Field",6733.95254999965,324.30386,5,59966,11.3291925465839,"300-600m",891.458052753968,9074.2370654758,2.97619047619048,41204.5634920635,917.664596273291,"BS35 4DY","BS35","4DY","BS354DY"
123001,"BS351DT","E01014986","9E89106B-B259-2C71-E053-A03BA40A7146","Playing Field",24330.6510499999,456.18637,2,57615,12.5190839694657,"300-600m",223.350800885496,31440.1782114504,2.79389312977099,114874.541984733,7890.70968658573,"BS35 1DT","BS35","1DT","BS351DT"
123002,"BS353ND","E01014864","9E89106B-C74A-2C71-E053-A03BA40A7146","Playing Field",13718.4428500001,312.2723,2,39411,13.6111111111111,"300-600m",394.070600096385,19843.9631415665,1.78313253012048,36501.9156626506,1047.13367712676,"BS35 3ND","BS35","3ND","BS353ND"
124860,"BS354LF","E01014953","9E8911BC-B569-2C71-E053-A03BA40A7146","Public Park Or Garden",4793.66400000191,386.05957,2,27338,16.6299212598425,"300-600m",811.041477401575,14624.6871074814,1.47244094488189,23124.5039370079,848.125984251967,"BS35 4LF","BS35","4LF","BS354LF"
126545,"BS353RL","E01014863","9E89106B-C859-2C71-E053-A03BA40A7146","Playing Field",25693.2959500003,498.52283,2,39411,15.8172043010753,"300-600m",382.732130419355,22216.7256951615,2,39411,1555.09597769813,"BS35 3RL","BS35","3RL","BS353RL"
127949,"BS353RG","E01014863","9E89106B-C859-2C71-E053-A03BA40A7146","Playing Field",25693.2959500003,53.823788,2,39411,15.8172043010753,"Less than or equal to 300m",382.732130419355,22216.7256951615,2,39411,1555.09597769813,"BS35 3RG","BS35","3RG","BS353RG"
134387,"BS351HG","E01014986","9E89106B-B1BE-2C71-E053-A03BA40A7146","Playing Field",33284.8018,172.14238,3,129740,12.5190839694657,"Less than or equal to 300m",223.350800885496,31440.1782114504,2.79389312977099,114874.541984733,2635.33409016767,"BS35 1HG","BS35","1HG","BS351HG"
134949,"BS352AY","E01014990","9E89106B-B259-2C71-E053-A03BA40A7146","Playing Field",24330.6510499999,101.71037,3,129740,22.2923076923077,"Less than or equal to 300m",384.701363846154,24330.6510499999,2.58461538461538,103963.153846154,7890.70968658573,"BS35 2AY","BS35","2AY","BS352AY"
136692,"BS351AT","E01014987","9E89106B-B1BE-2C71-E053-A03BA40A7146","Playing Field",33284.8018,859.4615,1,33284,16.4111111111111,"600-900m",624.410508433333,33085.8206722222,2.06666666666667,69857.9555555556,2635.33409016767,"BS35 1AT","BS35","1AT","BS351AT"
137360,"BS351HS","E01014987","9E89106B-B1BE-2C71-E053-A03BA40A7146","Playing Field",33284.8018,318.40225,3,129740,16.4111111111111,"300-600m",624.410508433333,33085.8206722222,2.06666666666667,69857.9555555556,2635.33409016767,"BS35 1HS","BS35","1HS","BS351HS"
138417,"BS355RB","E01014861","9E89106B-F8CD-2C71-E053-A03BA40A7146","Playing Field",21992.6047999956,177.90166,1,21992,13.3037974683544,"Less than or equal to 300m",576.135319681818,22685.1836878792,1.59090909090909,66139.1818181818,305.98803946975,"BS35 5RB","BS35","5RB","BS355RB"
138639,"BS352DY","E01014992","9E89106B-B259-2C71-E053-A03BA40A7146","Playing Field",24330.6510499999,914.58624,1,24330,27.7307692307692,"900-1800m",915.784045,24330.6510499999,1.11538461538462,31158.2692307692,7890.70968658573,"BS35 2DY","BS35","2DY","BS352DY"
158759,"BS352FN","E01014991","9E89106B-B290-2C71-E053-A03BA40A7146","Playing Field",72124.9151000025,118.84864,3,129740,15.5034013605442,"Less than or equal to 300m",345.670274904762,48548.3862091849,2.84353741496599,123622.034013605,1200.31235394921,"BS35 2FN","BS35","2FN","BS352FN"
158760,"BS359SZ","E01014986","9E89106B-B1BE-2C71-E053-A03BA40A7146","Playing Field",33284.8018,123.42204,3,129740,12.5190839694657,"Less than or equal to 300m",223.350800885496,31440.1782114504,2.79389312977099,114874.541984733,2635.33409016767,"BS35 9SZ","BS35","9SZ","BS359SZ"
161932,"BS354EF","E01014963","9E89103D-AA3C-2C71-E053-A03BA40A7146","Playing Field",6733.95254999965,109.59015,6,102183,11.3291925465839,"Less than or equal to 300m",891.458052753968,9074.2370654758,2.97619047619048,41204.5634920635,917.664596273291,"BS35 4EF","BS35","4EF","BS354EF"
164689,"BS359TD","E01014986","9E89106B-B1BE-2C71-E053-A03BA40A7146","Playing Field",33284.8018,123.42204,3,129740,12.5190839694657,"Less than or equal to 300m",223.350800885496,31440.1782114504,2.79389312977099,114874.541984733,2635.33409016767,"BS35 9TD","BS35","9TD","BS359TD"
169262,"BS351SD","E01014985","9E89106B-B1BE-2C71-E053-A03BA40A7146","Playing Field",33284.8018,690.75323,2,57615,22.3692307692308,"600-900m",701.496076615384,24881.6757115384,1.92307692307692,55054.6153846154,2635.33409016767,"BS35 1SD","BS35","1SD","BS351SD"
169263,"BS353PU","E01014864","9E89106B-C74A-2C71-E053-A03BA40A7146","Playing Field",13718.4428500001,274.5906,2,39411,13.6111111111111,"Less than or equal to 300m",394.070600096385,19843.9631415665,1.78313253012048,36501.9156626506,1047.13367712676,"BS35 3PU","BS35","3PU","BS353PU"
169264,"BS359SQ","E01014986","9E89106B-B1BE-2C71-E053-A03BA40A7146","Playing Field",33284.8018,123.42204,3,129740,12.5190839694657,"Less than or equal to 300m",223.350800885496,31440.1782114504,2.79389312977099,114874.541984733,2635.33409016767,"BS35 9SQ","BS35","9SQ","BS359SQ"
172776,"BS353NA","E01014864","9E89106B-C74A-2C71-E053-A03BA40A7146","Playing Field",13718.4428500001,179.90276,2,39411,13.6111111111111,"Less than or equal to 300m",394.070600096385,19843.9631415665,1.78313253012048,36501.9156626506,1047.13367712676,"BS35 3NA","BS35","3NA","BS353NA"
175447,"BS351JY","E01014985","9E89106B-B259-2C71-E053-A03BA40A7146","Playing Field",24330.6510499999,688.39307,2,57615,22.3692307692308,"600-900m",701.496076615384,24881.6757115384,1.92307692307692,55054.6153846154,7890.70968658573,"BS35 1JY","BS35","1JY","BS351JY"
175448,"BS353NQ","E01014863","9E89106B-C74A-2C71-E053-A03BA40A7146","Playing Field",13718.4428500001,364.5888,2,39411,15.8172043010753,"300-600m",382.732130419355,22216.7256951615,2,39411,1047.13367712676,"BS35 3NQ","BS35","3NQ","BS353NQ"
177568,"BS353JT","E01014991","9E89106B-C74A-2C71-E053-A03BA40A7146","Playing Field",13718.4428500001,981.59106,1,13718,15.5034013605442,"900-1800m",345.670274904762,48548.3862091849,2.84353741496599,123622.034013605,1047.13367712676,"BS35 3JT","BS35","3JT","BS353JT"
178479,"BS351HA","E01014986","9E89106B-B1BE-2C71-E053-A03BA40A7146","Playing Field",33284.8018,157.49286,3,129740,12.5190839694657,"Less than or equal to 300m",223.350800885496,31440.1782114504,2.79389312977099,114874.541984733,2635.33409016767,"BS35 1HA","BS35","1HA","BS351HA"
181712,"BS351LX","E01014985","9E89106B-B259-2C71-E053-A03BA40A7146","Playing Field",24330.6510499999,974.98413,1,24330,22.3692307692308,"900-1800m",701.496076615384,24881.6757115384,1.92307692307692,55054.6153846154,7890.70968658573,"BS35 1LX","BS35","1LX","BS351LX"
184271,"BS353QT","E01014863","9E89106B-C859-2C71-E053-A03BA40A7146","Playing Field",25693.2959500003,187.10692,2,39411,15.8172043010753,"Less than or equal to 300m",382.732130419355,22216.7256951615,2,39411,1555.09597769813,"BS35 3QT","BS35","3QT","BS353QT"
185147,"BS354PE","E01014954","9E89106B-E56E-2C71-E053-A03BA40A7146","Playing Field",20257.9126500041,463.2494,1,20257,36.1818181818182,"300-600m",259.732080681818,20257.9126500041,1,20257,2307.08661417323,"BS35 4PE","BS35","4PE","BS354PE"
185909,"BS352BH","E01014991","9E89106B-B290-2C71-E053-A03BA40A7146","Playing Field",72124.9151000025,153.57408,3,129740,15.5034013605442,"Less than or equal to 300m",345.670274904762,48548.3862091849,2.84353741496599,123622.034013605,1200.31235394921,"BS35 2BH","BS35","2BH","BS352BH"
185910,"BS353PF","E01014864","9E89106B-C859-2C71-E053-A03BA40A7146","Playing Field",25693.2959500003,319.86404,2,39411,13.6111111111111,"300-600m",394.070600096385,19843.9631415665,1.78313253012048,36501.9156626506,1555.09597769813,"BS35 3PF","BS35","3PF","BS353PF"
185911,"BS353RH","E01014863","9E89106B-C859-2C71-E053-A03BA40A7146","Playing Field",25693.2959500003,388.33234,2,39411,15.8172043010753,"300-600m",382.732130419355,22216.7256951615,2,39411,1555.09597769813,"BS35 3RH","BS35","3RH","BS353RH"
185912,"BS354LE","E01014953","9E8911BC-B569-2C71-E053-A03BA40A7146","Public Park Or Garden",4793.66400000191,427.80368,2,27338,16.6299212598425,"300-600m",811.041477401575,14624.6871074814,1.47244094488189,23124.5039370079,848.125984251967,"BS35 4LE","BS35","4LE","BS354LE"
196728,"BS355RD","E01014861","9E89106B-F8CD-2C71-E053-A03BA40A7146","Playing Field",21992.6047999956,349.1547,1,21992,13.3037974683544,"300-600m",576.135319681818,22685.1836878792,1.59090909090909,66139.1818181818,305.98803946975,"BS35 5RD","BS35","5RD","BS355RD"
204881,"BS351HJ","E01014986","9E89106B-B1BE-2C71-E053-A03BA40A7146","Playing Field",33284.8018,149.64626,3,129740,12.5190839694657,"Less than or equal to 300m",223.350800885496,31440.1782114504,2.79389312977099,114874.541984733,2635.33409016767,"BS35 1HJ","BS35","1HJ","BS351HJ"
204882,"BS352NP","E01014991","9E89106B-B259-2C71-E053-A03BA40A7146","Playing Field",24330.6510499999,458.28375,3,129740,15.5034013605442,"300-600m",345.670274904762,48548.3862091849,2.84353741496599,123622.034013605,7890.70968658573,"BS35 2NP","BS35","2NP","BS352NP"
208049,"BS359SG","E01014986","9E89106B-B1BE-2C71-E053-A03BA40A7146","Playing Field",33284.8018,123.42204,3,129740,12.5190839694657,"Less than or equal to 300m",223.350800885496,31440.1782114504,2.79389312977099,114874.541984733,2635.33409016767,"BS35 9SG","BS35","9SG","BS359SG"
217182,"BS351DU","E01014986","9E89106B-B259-2C71-E053-A03BA40A7146","Playing Field",24330.6510499999,363.91757,2,57615,12.5190839694657,"300-600m",223.350800885496,31440.1782114504,2.79389312977099,114874.541984733,7890.70968658573,"BS35 1DU","BS35","1DU","BS351DU"
220155,"BS351HN","E01014986","9E89106B-B1BE-2C71-E053-A03BA40A7146","Playing Field",33284.8018,115.97414,3,129740,12.5190839694657,"Less than or equal to 300m",223.350800885496,31440.1782114504,2.79389312977099,114874.541984733,2635.33409016767,"BS35 1HN","BS35","1HN","BS351HN"
220156,"BS352DA","E01014991","9E89106B-B259-2C71-E053-A03BA40A7146","Playing Field",24330.6510499999,454.4007,3,129740,15.5034013605442,"300-600m",345.670274904762,48548.3862091849,2.84353741496599,123622.034013605,7890.70968658573,"BS35 2DA","BS35","2DA","BS352DA"
220157,"BS352HJ","E01014988","9E89106B-B259-2C71-E053-A03BA40A7146","Playing Field",24330.6510499999,868.8711,1,24330,27.5283018867924,"600-900m",559.775370113207,24330.6510499999,2.20754716981132,82843.9622641509,7890.70968658573,"BS35 2HJ","BS35","2HJ","BS352HJ"
221428,"BS351SG","E01014987","9E89106B-B1BE-2C71-E053-A03BA40A7146","Playing Field",33284.8018,698.36163,2,57615,16.4111111111111,"600-900m",624.410508433333,33085.8206722222,2.06666666666667,69857.9555555556,2635.33409016767,"BS35 1SG","BS35","1SG","BS351SG"
221429,"BS353US","E01014991","9E89106B-B290-2C71-E053-A03BA40A7146","Playing Field",72124.9151000025,401.40378,3,129740,15.5034013605442,"300-600m",345.670274904762,48548.3862091849,2.84353741496599,123622.034013605,1200.31235394921,"BS35 3US","BS35","3US","BS353US"
222548,"BS359SE","E01014986","9E89106B-B1BE-2C71-E053-A03BA40A7146","Playing Field",33284.8018,123.42204,3,129740,12.5190839694657,"Less than or equal to 300m",223.350800885496,31440.1782114504,2.79389312977099,114874.541984733,2635.33409016767,"BS35 9SE","BS35","9SE","BS359SE"
228212,"BS351BJ","E01014987","9E89106B-B1BE-2C71-E053-A03BA40A7146","Playing Field",33284.8018,946.1173,1,33284,16.4111111111111,"900-1800m",624.410508433333,33085.8206722222,2.06666666666667,69857.9555555556,2635.33409016767,"BS35 1BJ","BS35","1BJ","BS351BJ"
228632,"BS353PW","E01014863","9E89106B-C859-2C71-E053-A03BA40A7146","Playing Field",25693.2959500003,635.69257,2,39411,15.8172043010753,"600-900m",382.732130419355,22216.7256951615,2,39411,1555.09597769813,"BS35 3PW","BS35","3PW","BS353PW"
230252,"BS354PH","E01014954","9E89106B-E56E-2C71-E053-A03BA40A7146","Playing Field",20257.9126500041,147.85127,1,20257,36.1818181818182,"Less than or equal to 300m",259.732080681818,20257.9126500041,1,20257,2307.08661417323,"BS35 4PH","BS35","4PH","BS354PH"
231191,"BS351AL","E01014987","9E89106B-B1BE-2C71-E053-A03BA40A7146","Playing Field",33284.8018,940.662,1,33284,16.4111111111111,"900-1800m",624.410508433333,33085.8206722222,2.06666666666667,69857.9555555556,2635.33409016767,"BS35 1AL","BS35","1AL","BS351AL"
231975,"BS351DR","E01014988","9E89106B-B259-2C71-E053-A03BA40A7146","Playing Field",24330.6510499999,328.49506,3,129740,27.5283018867924,"300-600m",559.775370113207,24330.6510499999,2.20754716981132,82843.9622641509,7890.70968658573,"BS35 1DR","BS35","1DR","BS351DR"
231976,"BS351LP","E01014985","9E89106B-B259-2C71-E053-A03BA40A7146","Playing Field",24330.6510499999,726.3918,2,57615,22.3692307692308,"600-900m",701.496076615384,24881.6757115384,1.92307692307692,55054.6153846154,7890.70968658573,"BS35 1LP","BS35","1LP","BS351LP"
237839,"BS351HE","E01014986","9E89106B-B1BE-2C71-E053-A03BA40A7146","Playing Field",33284.8018,178.66449,3,129740,12.5190839694657,"Less than or equal to 300m",223.350800885496,31440.1782114504,2.79389312977099,114874.541984733,2635.33409016767,"BS35 1HE","BS35","1HE","BS351HE"
237840,"BS352BL","E01014991","9E89106B-B290-2C71-E053-A03BA40A7146","Playing Field",72124.9151000025,194.62015,3,129740,15.5034013605442,"Less than or equal to 300m",345.670274904762,48548.3862091849,2.84353741496599,123622.034013605,1200.31235394921,"BS35 2BL","BS35","2BL","BS352BL"
242865,"BS352BN","E01014991","9E89106B-B290-2C71-E053-A03BA40A7146","Playing Field",72124.9151000025,280.44608,3,129740,15.5034013605442,"Less than or equal to 300m",345.670274904762,48548.3862091849,2.84353741496599,123622.034013605,1200.31235394921,"BS35 2BN","BS35","2BN","BS352BN"
247186,"BS352JR","E01014988","9E89106B-B259-2C71-E053-A03BA40A7146","Playing Field",24330.6510499999,275.57214,3,129740,27.5283018867924,"Less than or equal to 300m",559.775370113207,24330.6510499999,2.20754716981132,82843.9622641509,7890.70968658573,"BS35 2JR","BS35","2JR","BS352JR"
250979,"BS351JE","E01014987","9E89106B-B1BE-2C71-E053-A03BA40A7146","Playing Field",33284.8018,608.342,2,57615,16.4111111111111,"600-900m",624.410508433333,33085.8206722222,2.06666666666667,69857.9555555556,2635.33409016767,"BS35 1JE","BS35","1JE","BS351JE"
250980,"BS353RQ","E01014863","9E89106B-C859-2C71-E053-A03BA40A7146","Playing Field",25693.2959500003,370.88544,2,39411,15.8172043010753,"300-600m",382.732130419355,22216.7256951615,2,39411,1555.09597769813,"BS35 3RQ","BS35","3RQ","BS353RQ"
259398,"BS354JA","E01014953","9E8911BC-B569-2C71-E053-A03BA40A7146","Public Park Or Garden",4793.66400000191,187.49133,2,27338,16.6299212598425,"Less than or equal to 300m",811.041477401575,14624.6871074814,1.47244094488189,23124.5039370079,848.125984251967,"BS35 4JA","BS35","4JA","BS354JA"
261550,"BS351DP","E01014986","9E89106B-B259-2C71-E053-A03BA40A7146","Playing Field",24330.6510499999,250.5035,3,129740,12.5190839694657,"Less than or equal to 300m",223.350800885496,31440.1782114504,2.79389312977099,114874.541984733,7890.70968658573,"BS35 1DP","BS35","1DP","BS351DP"
263336,"BS352LW","E01014990","9E89106B-B259-2C71-E053-A03BA40A7146","Playing Field",24330.6510499999,303.69064,3,129740,22.2923076923077,"300-600m",384.701363846154,24330.6510499999,2.58461538461538,103963.153846154,7890.70968658573,"BS35 2LW","BS35","2LW","BS352LW"
268914,"BS353JD","E01014991","9E89106B-C74A-2C71-E053-A03BA40A7146","Playing Field",13718.4428500001,648.9515,2,85843,15.5034013605442,"600-900m",345.670274904762,48548.3862091849,2.84353741496599,123622.034013605,1047.13367712676,"BS35 3JD","BS35","3JD","BS353JD"
271566,"BS352LL","E01014990","9E89106B-B259-2C71-E053-A03BA40A7146","Playing Field",24330.6510499999,241.30478,3,129740,22.2923076923077,"Less than or equal to 300m",384.701363846154,24330.6510499999,2.58461538461538,103963.153846154,7890.70968658573,"BS35 2LL","BS35","2LL","BS352LL"
272279,"BS353LT","E01014864","9E89106B-C859-2C71-E053-A03BA40A7146","Playing Field",25693.2959500003,212.84972,2,39411,13.6111111111111,"Less than or equal to 300m",394.070600096385,19843.9631415665,1.78313253012048,36501.9156626506,1555.09597769813,"BS35 3LT","BS35","3LT","BS353LT"
273476,"BS351LT","E01014989","9E89106B-B259-2C71-E053-A03BA40A7146","Playing Field",24330.6510499999,830.0759,2,57615,18.8045977011494,"600-900m",887.373969,24330.6510499999,2,57615,7890.70968658573,"BS35 1LT","BS35","1LT","BS351LT"
273477,"BS352EP","E01014990","9E89106B-B259-2C71-E053-A03BA40A7146","Playing Field",24330.6510499999,689.5049,2,57615,22.2923076923077,"600-900m",384.701363846154,24330.6510499999,2.58461538461538,103963.153846154,7890.70968658573,"BS35 2EP","BS35","2EP","BS352EP"
274914,"BS352ES","E01014991","9E89106B-B259-2C71-E053-A03BA40A7146","Playing Field",24330.6510499999,560.5604,3,129740,15.5034013605442,"300-600m",345.670274904762,48548.3862091849,2.84353741496599,123622.034013605,7890.70968658573,"BS35 2ES","BS35","2ES","BS352ES"
275968,"BS352YE","E01014992","9E89106B-B259-2C71-E053-A03BA40A7146","Playing Field",24330.6510499999,965.9917,1,24330,27.7307692307692,"900-1800m",915.784045,24330.6510499999,1.11538461538462,31158.2692307692,7890.70968658573,"BS35 2YE","BS35","2YE","BS352YE"
278107,"BS353NE","E01014864","9E89106B-C74A-2C71-E053-A03BA40A7146","Playing Field",13718.4428500001,342.46167,2,39411,13.6111111111111,"300-600m",394.070600096385,19843.9631415665,1.78313253012048,36501.9156626506,1047.13367712676,"BS35 3NE","BS35","3NE","BS353NE"
278108,"BS354JB","E01014953","9E8911BC-B569-2C71-E053-A03BA40A7146","Public Park Or Garden",4793.66400000191,58.21512,2,27338,16.6299212598425,"Less than or equal to 300m",811.041477401575,14624.6871074814,1.47244094488189,23124.5039370079,848.125984251967,"BS35 4JB","BS35","4JB","BS354JB"
284149,"BS351UB","E01014985","9E89106B-B259-2C71-E053-A03BA40A7146","Playing Field",24330.6510499999,775.3277,2,57615,22.3692307692308,"600-900m",701.496076615384,24881.6757115384,1.92307692307692,55054.6153846154,7890.70968658573,"BS35 1UB","BS35","1UB","BS351UB"
284150,"BS352BJ","E01014991","9E89106B-B290-2C71-E053-A03BA40A7146","Playing Field",72124.9151000025,108.68762,3,129740,15.5034013605442,"Less than or equal to 300m",345.670274904762,48548.3862091849,2.84353741496599,123622.034013605,1200.31235394921,"BS35 2BJ","BS35","2BJ","BS352BJ"
305729,"BS351DS","E01014988","9E89106B-B259-2C71-E053-A03BA40A7146","Playing Field",24330.6510499999,406.42957,2,57615,27.5283018867924,"300-600m",559.775370113207,24330.6510499999,2.20754716981132,82843.9622641509,7890.70968658573,"BS35 1DS","BS35","1DS","BS351DS"
307839,"BS353NB","E01014864","9E89106B-C74A-2C71-E053-A03BA40A7146","Playing Field",13718.4428500001,304.11346,2,39411,13.6111111111111,"300-600m",394.070600096385,19843.9631415665,1.78313253012048,36501.9156626506,1047.13367712676,"BS35 3NB","BS35","3NB","BS353NB"
309613,"BS352BB","E01014991","9E89106B-B259-2C71-E053-A03BA40A7146","Playing Field",24330.6510499999,330.6539,3,129740,15.5034013605442,"300-600m",345.670274904762,48548.3862091849,2.84353741496599,123622.034013605,7890.70968658573,"BS35 2BB","BS35","2BB","BS352BB"
313915,"BS351SH","E01014987","9E89106B-B1BE-2C71-E053-A03BA40A7146","Playing Field",33284.8018,727.2647,2,57615,16.4111111111111,"600-900m",624.410508433333,33085.8206722222,2.06666666666667,69857.9555555556,2635.33409016767,"BS35 1SH","BS35","1SH","BS351SH"
318392,"BS354JY","E01014953","9E89106B-E865-2C71-E053-A03BA40A7146","Playing Field",22544.7494999961,474.44388,2,27338,16.6299212598425,"300-600m",811.041477401575,14624.6871074814,1.47244094488189,23124.5039370079,482.267716535433,"BS35 4JY","BS35","4JY","BS354JY"
320595,"BS353QY","E01014863","9E89106B-C859-2C71-E053-A03BA40A7146","Playing Field",25693.2959500003,38.600517,2,39411,15.8172043010753,"Less than or equal to 300m",382.732130419355,22216.7256951615,2,39411,1555.09597769813,"BS35 3QY","BS35","3QY","BS353QY"
322029,"BS351LN","E01014989","9E89106B-B259-2C71-E053-A03BA40A7146","Playing Field",24330.6510499999,881.49023,2,57615,18.8045977011494,"600-900m",887.373969,24330.6510499999,2,57615,7890.70968658573,"BS35 1LN","BS35","1LN","BS351LN"
339854,"BS354EG","E01014963","9E89103D-AA3C-2C71-E053-A03BA40A7146","Playing Field",6733.95254999965,317.1766,5,59966,11.3291925465839,"300-600m",891.458052753968,9074.2370654758,2.97619047619048,41204.5634920635,917.664596273291,"BS35 4EG","BS35","4EG","BS354EG"
343618,"BS351PW","E01014962","9E89106B-829F-2C71-E053-A03BA40A7146","Playing Field",33031.7334500017,556.2167,1,33031,8.93298969072165,"300-600m",786.048303421053,33031.7334500017,1,33031,339.453608247423,"BS35 1PW","BS35","1PW","BS351PW"
346916,"BS355QX","E01014861","9E89106B-F8CD-2C71-E053-A03BA40A7146","Playing Field",21992.6047999956,213.21585,1,21992,13.3037974683544,"Less than or equal to 300m",576.135319681818,22685.1836878792,1.59090909090909,66139.1818181818,305.98803946975,"BS35 5QX","BS35","5QX","BS355QX"
349766,"BS352LZ","E01014988","9E89106B-B259-2C71-E053-A03BA40A7146","Playing Field",24330.6510499999,384.5842,3,129740,27.5283018867924,"300-600m",559.775370113207,24330.6510499999,2.20754716981132,82843.9622641509,7890.70968658573,"BS35 2LZ","BS35","2LZ","BS352LZ"
354316,"BS351TF","E01014985","9E89106B-B259-2C71-E053-A03BA40A7146","Playing Field",24330.6510499999,648.0123,2,57615,22.3692307692308,"600-900m",701.496076615384,24881.6757115384,1.92307692307692,55054.6153846154,7890.70968658573,"BS35 1TF","BS35","1TF","BS351TF"
357770,"BS351HH","E01014986","9E89106B-B1BE-2C71-E053-A03BA40A7146","Playing Field",33284.8018,282.8427,3,129740,12.5190839694657,"Less than or equal to 300m",223.350800885496,31440.1782114504,2.79389312977099,114874.541984733,2635.33409016767,"BS35 1HH","BS35","1HH","BS351HH"
362712,"BS352LP","E01014988","9E89106B-B259-2C71-E053-A03BA40A7146","Playing Field",24330.6510499999,401,3,129740,27.5283018867924,"300-600m",559.775370113207,24330.6510499999,2.20754716981132,82843.9622641509,7890.70968658573,"BS35 2LP","BS35","2LP","BS352LP"
362713,"BS354DS","E01014963","9E89103D-AA3C-2C71-E053-A03BA40A7146","Playing Field",6733.95254999965,412.6815,2,7643,11.3291925465839,"300-600m",891.458052753968,9074.2370654758,2.97619047619048,41204.5634920635,917.664596273291,"BS35 4DS","BS35","4DS","BS354DS"
362714,"BS354PG","E01014954","9E89106B-E56E-2C71-E053-A03BA40A7146","Playing Field",20257.9126500041,394.80756,1,20257,36.1818181818182,"300-600m",259.732080681818,20257.9126500041,1,20257,2307.08661417323,"BS35 4PG","BS35","4PG","BS354PG"
363577,"BS353PP","E01014863","9E89106B-C859-2C71-E053-A03BA40A7146","Playing Field",25693.2959500003,544.21045,2,39411,15.8172043010753,"300-600m",382.732130419355,22216.7256951615,2,39411,1555.09597769813,"BS35 3PP","BS35","3PP","BS353PP"
367325,"BS354PB","E01014953","9E89106B-E56E-2C71-E053-A03BA40A7146","Playing Field",20257.9126500041,367.92526,1,20257,16.6299212598425,"300-600m",811.041477401575,14624.6871074814,1.47244094488189,23124.5039370079,2307.08661417323,"BS35 4PB","BS35","4PB","BS354PB"
368173,"BS351SP","E01014987","9E89106B-B1BE-2C71-E053-A03BA40A7146","Playing Field",33284.8018,739.4187,2,57615,16.4111111111111,"600-900m",624.410508433333,33085.8206722222,2.06666666666667,69857.9555555556,2635.33409016767,"BS35 1SP","BS35","1SP","BS351SP"
368876,"BS354PT","E01014954","9E89106B-E56E-2C71-E053-A03BA40A7146","Playing Field",20257.9126500041,102.53292,1,20257,36.1818181818182,"Less than or equal to 300m",259.732080681818,20257.9126500041,1,20257,2307.08661417323,"BS35 4PT","BS35","4PT","BS354PT"
386819,"BS352AW","E01014991","9E89106B-B290-2C71-E053-A03BA40A7146","Playing Field",72124.9151000025,110.98198,3,129740,15.5034013605442,"Less than or equal to 300m",345.670274904762,48548.3862091849,2.84353741496599,123622.034013605,1200.31235394921,"BS35 2AW","BS35","2AW","BS352AW"
393829,"BS351EU","E01014987","9E89106B-B1BE-2C71-E053-A03BA40A7146","Playing Field",33284.8018,156.85025,3,129740,16.4111111111111,"Less than or equal to 300m",624.410508433333,33085.8206722222,2.06666666666667,69857.9555555556,2635.33409016767,"BS35 1EU","BS35","1EU","BS351EU"
393830,"BS352XG","E01014992","9E89106B-B259-2C71-E053-A03BA40A7146","Playing Field",24330.6510499999,978.5806,1,24330,27.7307692307692,"900-1800m",915.784045,24330.6510499999,1.11538461538462,31158.2692307692,7890.70968658573,"BS35 2XG","BS35","2XG","BS352XG"
401268,"BS352AA","E01014991","9E89106B-B290-2C71-E053-A03BA40A7146","Playing Field",72124.9151000025,161.96913,3,129740,15.5034013605442,"Less than or equal to 300m",345.670274904762,48548.3862091849,2.84353741496599,123622.034013605,1200.31235394921,"BS35 2AA","BS35","2AA","BS352AA"
401269,"BS353LR","E01014863","9E89106B-C859-2C71-E053-A03BA40A7146","Playing Field",25693.2959500003,82.87943,2,39411,15.8172043010753,"Less than or equal to 300m",382.732130419355,22216.7256951615,2,39411,1555.09597769813,"BS35 3LR","BS35","3LR","BS353LR"
406258,"BS351EJ","E01014986","9E89106B-B1BE-2C71-E053-A03BA40A7146","Playing Field",33284.8018,48.166378,3,129740,12.5190839694657,"Less than or equal to 300m",223.350800885496,31440.1782114504,2.79389312977099,114874.541984733,2635.33409016767,"BS35 1EJ","BS35","1EJ","BS351EJ"
408620,"BS351SA","E01014987","9E89106B-B1BE-2C71-E053-A03BA40A7146","Playing Field",33284.8018,863.89465,2,57615,16.4111111111111,"600-900m",624.410508433333,33085.8206722222,2.06666666666667,69857.9555555556,2635.33409016767,"BS35 1SA","BS35","1SA","BS351SA"
409655,"BS351DZ","E01014986","9E89106B-B259-2C71-E053-A03BA40A7146","Playing Field",24330.6510499999,460.29773,2,57615,12.5190839694657,"300-600m",223.350800885496,31440.1782114504,2.79389312977099,114874.541984733,7890.70968658573,"BS35 1DZ","BS35","1DZ","BS351DZ"
410530,"BS354DX","E01014963","9E89103D-AA3C-2C71-E053-A03BA40A7146","Playing Field",6733.95254999965,434.90918,2,7643,11.3291925465839,"300-600m",891.458052753968,9074.2370654758,2.97619047619048,41204.5634920635,917.664596273291,"BS35 4DX","BS35","4DX","BS354DX"
411350,"BS353QS","E01014864","9E89106B-C859-2C71-E053-A03BA40A7146","Playing Field",25693.2959500003,608.4899,1,25693,13.6111111111111,"600-900m",394.070600096385,19843.9631415665,1.78313253012048,36501.9156626506,1555.09597769813,"BS35 3QS","BS35","3QS","BS353QS"
412055,"BS354LQ","E01014953","9E8911BC-B569-2C71-E053-A03BA40A7146","Public Park Or Garden",4793.66400000191,434.25912,2,27338,16.6299212598425,"300-600m",811.041477401575,14624.6871074814,1.47244094488189,23124.5039370079,848.125984251967,"BS35 4LQ","BS35","4LQ","BS354LQ"
412056,"BS355RQ","E01014861","9E89106B-F8CD-2C71-E053-A03BA40A7146","Playing Field",21992.6047999956,249.07027,1,21992,13.3037974683544,"Less than or equal to 300m",576.135319681818,22685.1836878792,1.59090909090909,66139.1818181818,305.98803946975,"BS35 5RQ","BS35","5RQ","BS355RQ"
412652,"BS359TU","E01014986","9E89106B-B1BE-2C71-E053-A03BA40A7146","Playing Field",33284.8018,123.42204,3,129740,12.5190839694657,"Less than or equal to 300m",223.350800885496,31440.1782114504,2.79389312977099,114874.541984733,2635.33409016767,"BS35 9TU","BS35","9TU","BS359TU"
413199,"BS352JJ","E01014990","9E89106B-B259-2C71-E053-A03BA40A7146","Playing Field",24330.6510499999,144.22205,3,129740,22.2923076923077,"Less than or equal to 300m",384.701363846154,24330.6510499999,2.58461538461538,103963.153846154,7890.70968658573,"BS35 2JJ","BS35","2JJ","BS352JJ"
415640,"BS352NW","E01014993","9E89106B-B259-2C71-E053-A03BA40A7146","Playing Field",24330.6510499999,917.2361,2,96455,18.9012345679012,"900-1800m",1089.01577338983,22890.2455042374,1.06779661016949,27779.6949152542,7890.70968658573,"BS35 2NW","BS35","2NW","BS352NW"
415940,"BS353SJ","E01014864","9E89106B-F3FA-2C71-E053-A03BA40A7146","Playing Field",26240.7313500006,939.79254,1,26240,13.6111111111111,"900-1800m",394.070600096385,19843.9631415665,1.78313253012048,36501.9156626506,283.390614216701,"BS35 3SJ","BS35","3SJ","BS353SJ"
417858,"BS354DP","E01014963","9E89103D-AA3C-2C71-E053-A03BA40A7146","Playing Field",6733.95254999965,280.30164,2,20006,11.3291925465839,"Less than or equal to 300m",891.458052753968,9074.2370654758,2.97619047619048,41204.5634920635,917.664596273291,"BS35 4DP","BS35","4DP","BS354DP"
417859,"BS359SJ","E01014986","9E89106B-B1BE-2C71-E053-A03BA40A7146","Playing Field",33284.8018,123.42204,3,129740,12.5190839694657,"Less than or equal to 300m",223.350800885496,31440.1782114504,2.79389312977099,114874.541984733,2635.33409016767,"BS35 9SJ","BS35","9SJ","BS359SJ"
423959,"BS354JL","E01014953","9E89106B-E865-2C71-E053-A03BA40A7146","Playing Field",22544.7494999961,563.0009,2,27338,16.6299212598425,"300-600m",811.041477401575,14624.6871074814,1.47244094488189,23124.5039370079,482.267716535433,"BS35 4JL","BS35","4JL","BS354JL"
437177,"BS351BU","E01014986","9E89106B-B1BE-2C71-E053-A03BA40A7146","Playing Field",33284.8018,151.26797,3,129740,12.5190839694657,"Less than or equal to 300m",223.350800885496,31440.1782114504,2.79389312977099,114874.541984733,2635.33409016767,"BS35 1BU","BS35","1BU","BS351BU"
437178,"BS352EA","E01014991","9E89106B-B259-2C71-E053-A03BA40A7146","Playing Field",24330.6510499999,355.92416,3,129740,15.5034013605442,"300-600m",345.670274904762,48548.3862091849,2.84353741496599,123622.034013605,7890.70968658573,"BS35 2EA","BS35","2EA","BS352EA"
437179,"BS352JA","E01014990","9E89106B-B259-2C71-E053-A03BA40A7146","Playing Field",24330.6510499999,64.629715,3,129740,22.2923076923077,"Less than or equal to 300m",384.701363846154,24330.6510499999,2.58461538461538,103963.153846154,7890.70968658573,"BS35 2JA","BS35","2JA","BS352JA"
437180,"BS354PL","E01014954","9E89106B-E56E-2C71-E053-A03BA40A7146","Playing Field",20257.9126500041,156.01602,1,20257,36.1818181818182,"Less than or equal to 300m",259.732080681818,20257.9126500041,1,20257,2307.08661417323,"BS35 4PL","BS35","4PL","BS354PL"
440374,"BS353UP","E01014991","9E89106B-B290-2C71-E053-A03BA40A7146","Playing Field",72124.9151000025,505.3652,2,96455,15.5034013605442,"300-600m",345.670274904762,48548.3862091849,2.84353741496599,123622.034013605,1200.31235394921,"BS35 3UP","BS35","3UP","BS353UP"
443214,"BS352AD","E01014991","9E89106B-B290-2C71-E053-A03BA40A7146","Playing Field",72124.9151000025,221.3504,3,129740,15.5034013605442,"Less than or equal to 300m",345.670274904762,48548.3862091849,2.84353741496599,123622.034013605,1200.31235394921,"BS35 2AD","BS35","2AD","BS352AD"
447961,"BS351JA","E01014987","9E89106B-B1BE-2C71-E053-A03BA40A7146","Playing Field",33284.8018,529.1994,2,57615,16.4111111111111,"300-600m",624.410508433333,33085.8206722222,2.06666666666667,69857.9555555556,2635.33409016767,"BS35 1JA","BS35","1JA","BS351JA"
449814,"BS354PU","E01014954","9E89106B-E56E-2C71-E053-A03BA40A7146","Playing Field",20257.9126500041,420.81113,1,20257,36.1818181818182,"300-600m",259.732080681818,20257.9126500041,1,20257,2307.08661417323,"BS35 4PU","BS35","4PU","BS354PU"
452815,"BS351DY","E01014986","9E89106B-B259-2C71-E053-A03BA40A7146","Playing Field",24330.6510499999,532.9024,2,57615,12.5190839694657,"300-600m",223.350800885496,31440.1782114504,2.79389312977099,114874.541984733,7890.70968658573,"BS35 1DY","BS35","1DY","BS351DY"
452816,"BS354JF","E01014953","9E8911BC-B569-2C71-E053-A03BA40A7146","Public Park Or Garden",4793.66400000191,214.76732,2,27338,16.6299212598425,"Less than or equal to 300m",811.041477401575,14624.6871074814,1.47244094488189,23124.5039370079,848.125984251967,"BS35 4JF","BS35","4JF","BS354JF"
454090,"BS352AH","E01014991","9E89106B-B290-2C71-E053-A03BA40A7146","Playing Field",72124.9151000025,65.00769,3,129740,15.5034013605442,"Less than or equal to 300m",345.670274904762,48548.3862091849,2.84353741496599,123622.034013605,1200.31235394921,"BS35 2AH","BS35","2AH","BS352AH"
455161,"BS353PA","E01014864","9E89106B-C859-2C71-E053-A03BA40A7146","Playing Field",25693.2959500003,282.44998,2,39411,13.6111111111111,"Less than or equal to 300m",394.070600096385,19843.9631415665,1.78313253012048,36501.9156626506,1555.09597769813,"BS35 3PA","BS35","3PA","BS353PA"
456120,"BS355RA","E01014861","9E89106B-F8CD-2C71-E053-A03BA40A7146","Playing Field",21992.6047999956,301.47968,1,21992,13.3037974683544,"300-600m",576.135319681818,22685.1836878792,1.59090909090909,66139.1818181818,305.98803946975,"BS35 5RA","BS35","5RA","BS355RA"
457805,"BS354DR","E01014963","9E89103D-AA3C-2C71-E053-A03BA40A7146","Playing Field",6733.95254999965,324.44568,2,7643,11.3291925465839,"300-600m",891.458052753968,9074.2370654758,2.97619047619048,41204.5634920635,917.664596273291,"BS35 4DR","BS35","4DR","BS354DR"
460217,"BS353JA","E01014991","9E89106B-B290-2C71-E053-A03BA40A7146","Playing Field",72124.9151000025,324.5705,3,129740,15.5034013605442,"300-600m",345.670274904762,48548.3862091849,2.84353741496599,123622.034013605,1200.31235394921,"BS35 3JA","BS35","3JA","BS353JA"
460218,"BS354EA","E01014963","9E89103D-AA3C-2C71-E053-A03BA40A7146","Playing Field",6733.95254999965,265.166,5,59966,11.3291925465839,"Less than or equal to 300m",891.458052753968,9074.2370654758,2.97619047619048,41204.5634920635,917.664596273291,"BS35 4EA","BS35","4EA","BS354EA"
461075,"BS352DH","E01014991","9E89106B-B259-2C71-E053-A03BA40A7146","Playing Field",24330.6510499999,699.9321,3,129740,15.5034013605442,"600-900m",345.670274904762,48548.3862091849,2.84353741496599,123622.034013605,7890.70968658573,"BS35 2DH","BS35","2DH","BS352DH"
461076,"BS352HL","E01014992","9E89106B-B259-2C71-E053-A03BA40A7146","Playing Field",24330.6510499999,761.33105,1,24330,27.7307692307692,"600-900m",915.784045,24330.6510499999,1.11538461538462,31158.2692307692,7890.70968658573,"BS35 2HL","BS35","2HL","BS352HL"
461489,"BS353NH","E01014863","9E89106B-C74A-2C71-E053-A03BA40A7146","Playing Field",13718.4428500001,427.74875,2,39411,15.8172043010753,"300-600m",382.732130419355,22216.7256951615,2,39411,1047.13367712676,"BS35 3NH","BS35","3NH","BS353NH"
462165,"BS351PZ","E01014962","9E89106B-829F-2C71-E053-A03BA40A7146","Playing Field",33031.7334500017,683.42444,1,33031,8.93298969072165,"600-900m",786.048303421053,33031.7334500017,1,33031,339.453608247423,"BS35 1PZ","BS35","1PZ","BS351PZ"
463145,"BS351QB","E01014962","9E89106B-829F-2C71-E053-A03BA40A7146","Playing Field",33031.7334500017,150.30635,1,33031,8.93298969072165,"Less than or equal to 300m",786.048303421053,33031.7334500017,1,33031,339.453608247423,"BS35 1QB","BS35","1QB","BS351QB"
479784,"BS351DH","E01014986","9E89106B-B1BE-2C71-E053-A03BA40A7146","Playing Field",33284.8018,56.142673,3,129740,12.5190839694657,"Less than or equal to 300m",223.350800885496,31440.1782114504,2.79389312977099,114874.541984733,2635.33409016767,"BS35 1DH","BS35","1DH","BS351DH"
483523,"BS354NS","E01014954","9E89106B-E56E-2C71-E053-A03BA40A7146","Playing Field",20257.9126500041,81.46779,1,20257,36.1818181818182,"Less than or equal to 300m",259.732080681818,20257.9126500041,1,20257,2307.08661417323,"BS35 4NS","BS35","4NS","BS354NS"
492044,"BS351NA","E01014986","9E89106B-B290-2C71-E053-A03BA40A7146","Playing Field",72124.9151000025,80.72174,3,129740,12.5190839694657,"Less than or equal to 300m",223.350800885496,31440.1782114504,2.79389312977099,114874.541984733,1200.31235394921,"BS35 1NA","BS35","1NA","BS351NA"
494121,"BS353JS","E01014863","9E89106B-C859-2C71-E053-A03BA40A7146","Playing Field",25693.2959500003,653.6253,2,39411,15.8172043010753,"600-900m",382.732130419355,22216.7256951615,2,39411,1555.09597769813,"BS35 3JS","BS35","3JS","BS353JS"
494122,"BS354LL","E01014953","9E8911BC-B569-2C71-E053-A03BA40A7146","Public Park Or Garden",4793.66400000191,369.6106,2,27338,16.6299212598425,"300-600m",811.041477401575,14624.6871074814,1.47244094488189,23124.5039370079,848.125984251967,"BS35 4LL","BS35","4LL","BS354LL"
495932,"BS352LQ","E01014990","9E89106B-B259-2C71-E053-A03BA40A7146","Playing Field",24330.6510499999,224.47495,3,129740,22.2923076923077,"Less than or equal to 300m",384.701363846154,24330.6510499999,2.58461538461538,103963.153846154,7890.70968658573,"BS35 2LQ","BS35","2LQ","BS352LQ"
497543,"BS352LY","E01014988","9E89106B-B259-2C71-E053-A03BA40A7146","Playing Field",24330.6510499999,511.661,2,57615,27.5283018867924,"300-600m",559.775370113207,24330.6510499999,2.20754716981132,82843.9622641509,7890.70968658573,"BS35 2LY","BS35","2LY","BS352LY"
498985,"BS352HF","E01014990","9E89106B-B259-2C71-E053-A03BA40A7146","Playing Field",24330.6510499999,537.2383,2,57615,22.2923076923077,"300-600m",384.701363846154,24330.6510499999,2.58461538461538,103963.153846154,7890.70968658573,"BS35 2HF","BS35","2HF","BS352HF"
500313,"BS351ES","E01014987","9E89106B-B1BE-2C71-E053-A03BA40A7146","Playing Field",33284.8018,231.36551,3,129740,16.4111111111111,"Less than or equal to 300m",624.410508433333,33085.8206722222,2.06666666666667,69857.9555555556,2635.33409016767,"BS35 1ES","BS35","1ES","BS351ES"
500314,"BS352BX","E01014991","9E89106B-B259-2C71-E053-A03BA40A7146","Playing Field",24330.6510499999,512.76215,3,129740,15.5034013605442,"300-600m",345.670274904762,48548.3862091849,2.84353741496599,123622.034013605,7890.70968658573,"BS35 2BX","BS35","2BX","BS352BX"
501388,"BS352EX","E01014990","9E89106B-B259-2C71-E053-A03BA40A7146","Playing Field",24330.6510499999,842.8155,1,24330,22.2923076923077,"600-900m",384.701363846154,24330.6510499999,2.58461538461538,103963.153846154,7890.70968658573,"BS35 2EX","BS35","2EX","BS352EX"
504124,"BS354LH","E01014953","9E8911BC-B569-2C71-E053-A03BA40A7146","Public Park Or Garden",4793.66400000191,201.76224,2,27338,16.6299212598425,"Less than or equal to 300m",811.041477401575,14624.6871074814,1.47244094488189,23124.5039370079,848.125984251967,"BS35 4LH","BS35","4LH","BS354LH"
504809,"BS351EB","E01014986","9E89106B-B259-2C71-E053-A03BA40A7146","Playing Field",24330.6510499999,280.63144,3,129740,12.5190839694657,"Less than or equal to 300m",223.350800885496,31440.1782114504,2.79389312977099,114874.541984733,7890.70968658573,"BS35 1EB","BS35","1EB","BS351EB"
505488,"BS353PD","E01014864","9E89106B-C859-2C71-E053-A03BA40A7146","Playing Field",25693.2959500003,243.42966,2,39411,13.6111111111111,"Less than or equal to 300m",394.070600096385,19843.9631415665,1.78313253012048,36501.9156626506,1555.09597769813,"BS35 3PD","BS35","3PD","BS353PD"
508799,"BS352HW","E01014992","9E89106B-B259-2C71-E053-A03BA40A7146","Playing Field",24330.6510499999,915.8739,1,24330,27.7307692307692,"900-1800m",915.784045,24330.6510499999,1.11538461538462,31158.2692307692,7890.70968658573,"BS35 2HW","BS35","2HW","BS352HW"
516688,"BS353LW","E01014864","9E89106B-C859-2C71-E053-A03BA40A7146","Playing Field",25693.2959500003,192.78226,2,39411,13.6111111111111,"Less than or equal to 300m",394.070600096385,19843.9631415665,1.78313253012048,36501.9156626506,1555.09597769813,"BS35 3LW","BS35","3LW","BS353LW"
521790,"BS352QA","E01014863","9E89106B-C859-2C71-E053-A03BA40A7146","Playing Field",25693.2959500003,91.00549,2,39411,15.8172043010753,"Less than or equal to 300m",382.732130419355,22216.7256951615,2,39411,1555.09597769813,"BS35 2QA","BS35","2QA","BS352QA"
521791,"BS354BP","E01014963","9E89103D-AA3C-2C71-E053-A03BA40A7146","Playing Field",6733.95254999965,104.316826,6,102183,11.3291925465839,"Less than or equal to 300m",891.458052753968,9074.2370654758,2.97619047619048,41204.5634920635,917.664596273291,"BS35 4BP","BS35","4BP","BS354BP"
521792,"BS354EE","E01014963","9E89103D-AA3C-2C71-E053-A03BA40A7146","Playing Field",6733.95254999965,89.140335,6,102183,11.3291925465839,"Less than or equal to 300m",891.458052753968,9074.2370654758,2.97619047619048,41204.5634920635,917.664596273291,"BS35 4EE","BS35","4EE","BS354EE"
526256,"BS352AL","E01014991","9E89106B-B290-2C71-E053-A03BA40A7146","Playing Field",72124.9151000025,22.135944,3,129740,15.5034013605442,"Less than or equal to 300m",345.670274904762,48548.3862091849,2.84353741496599,123622.034013605,1200.31235394921,"BS35 2AL","BS35","2AL","BS352AL"
526257,"BS352FH","E01014991","9E89106B-B259-2C71-E053-A03BA40A7146","Playing Field",24330.6510499999,263.91098,3,129740,15.5034013605442,"Less than or equal to 300m",345.670274904762,48548.3862091849,2.84353741496599,123622.034013605,7890.70968658573,"BS35 2FH","BS35","2FH","BS352FH"
526258,"BS354PX","E01014953","9E89106B-E56E-2C71-E053-A03BA40A7146","Playing Field",20257.9126500041,479.93542,1,20257,16.6299212598425,"300-600m",811.041477401575,14624.6871074814,1.47244094488189,23124.5039370079,2307.08661417323,"BS35 4PX","BS35","4PX","BS354PX"
530066,"BS351DD","E01014986","9E89106B-B259-2C71-E053-A03BA40A7146","Playing Field",24330.6510499999,53.15073,3,129740,12.5190839694657,"Less than or equal to 300m",223.350800885496,31440.1782114504,2.79389312977099,114874.541984733,7890.70968658573,"BS35 1DD","BS35","1DD","BS351DD"
535980,"BS352EQ","E01014990","9E89106B-B259-2C71-E053-A03BA40A7146","Playing Field",24330.6510499999,198.80644,3,129740,22.2923076923077,"Less than or equal to 300m",384.701363846154,24330.6510499999,2.58461538461538,103963.153846154,7890.70968658573,"BS35 2EQ","BS35","2EQ","BS352EQ"
535981,"BS352NR","E01014991","9E89106B-B259-2C71-E053-A03BA40A7146","Playing Field",24330.6510499999,399.98126,3,129740,15.5034013605442,"300-600m",345.670274904762,48548.3862091849,2.84353741496599,123622.034013605,7890.70968658573,"BS35 2NR","BS35","2NR","BS352NR"
535982,"BS359SP","E01014986","9E89106B-B1BE-2C71-E053-A03BA40A7146","Playing Field",33284.8018,123.42204,3,129740,12.5190839694657,"Less than or equal to 300m",223.350800885496,31440.1782114504,2.79389312977099,114874.541984733,2635.33409016767,"BS35 9SP","BS35","9SP","BS359SP"
538400,"BS351UQ","E01014985","9E89106B-B259-2C71-E053-A03BA40A7146","Playing Field",24330.6510499999,606.3827,2,57615,22.3692307692308,"600-900m",701.496076615384,24881.6757115384,1.92307692307692,55054.6153846154,7890.70968658573,"BS35 1UQ","BS35","1UQ","BS351UQ"
540522,"BS352DU","E01014992","9E89106B-B259-2C71-E053-A03BA40A7146","Playing Field",24330.6510499999,862.67725,1,24330,27.7307692307692,"600-900m",915.784045,24330.6510499999,1.11538461538462,31158.2692307692,7890.70968658573,"BS35 2DU","BS35","2DU","BS352DU"
542429,"BS351AN","E01014987","9E89106B-B1BE-2C71-E053-A03BA40A7146","Playing Field",33284.8018,861.3896,2,57615,16.4111111111111,"600-900m",624.410508433333,33085.8206722222,2.06666666666667,69857.9555555556,2635.33409016767,"BS35 1AN","BS35","1AN","BS351AN"
546890,"BS359TB","E01014986","9E89106B-B1BE-2C71-E053-A03BA40A7146","Playing Field",33284.8018,123.42204,3,129740,12.5190839694657,"Less than or equal to 300m",223.350800885496,31440.1782114504,2.79389312977099,114874.541984733,2635.33409016767,"BS35 9TB","BS35","9TB","BS359TB"
548011,"BS354LJ","E01014953","9E8911BC-B569-2C71-E053-A03BA40A7146","Public Park Or Garden",4793.66400000191,229.45587,2,27338,16.6299212598425,"Less than or equal to 300m",811.041477401575,14624.6871074814,1.47244094488189,23124.5039370079,848.125984251967,"BS35 4LJ","BS35","4LJ","BS354LJ"
549020,"BS354EQ","E01014963","9E89103D-AA3C-2C71-E053-A03BA40A7146","Playing Field",6733.95254999965,323.21045,5,59966,11.3291925465839,"300-600m",891.458052753968,9074.2370654758,2.97619047619048,41204.5634920635,917.664596273291,"BS35 4EQ","BS35","4EQ","BS354EQ"
549870,"BS352BA","E01014991","9E89106B-B290-2C71-E053-A03BA40A7146","Playing Field",72124.9151000025,159.35495,3,129740,15.5034013605442,"Less than or equal to 300m",345.670274904762,48548.3862091849,2.84353741496599,123622.034013605,1200.31235394921,"BS35 2BA","BS35","2BA","BS352BA"
549871,"BS359SL","E01014986","9E89106B-B1BE-2C71-E053-A03BA40A7146","Playing Field",33284.8018,123.42204,3,129740,12.5190839694657,"Less than or equal to 300m",223.350800885496,31440.1782114504,2.79389312977099,114874.541984733,2635.33409016767,"BS35 9SL","BS35","9SL","BS359SL"
553644,"BS352EJ","E01014991","9E89106B-B259-2C71-E053-A03BA40A7146","Playing Field",24330.6510499999,545.89374,3,129740,15.5034013605442,"300-600m",345.670274904762,48548.3862091849,2.84353741496599,123622.034013605,7890.70968658573,"BS35 2EJ","BS35","2EJ","BS352EJ"
553645,"BS353RR","E01014863","9E89106B-C859-2C71-E053-A03BA40A7146","Playing Field",25693.2959500003,124.08465,2,39411,15.8172043010753,"Less than or equal to 300m",382.732130419355,22216.7256951615,2,39411,1555.09597769813,"BS35 3RR","BS35","3RR","BS353RR"
554071,"BS353LD","E01014864","9E89106B-C74A-2C71-E053-A03BA40A7146","Playing Field",13718.4428500001,101.8332,2,39411,13.6111111111111,"Less than or equal to 300m",394.070600096385,19843.9631415665,1.78313253012048,36501.9156626506,1047.13367712676,"BS35 3LD","BS35","3LD","BS353LD"
557320,"BS352AQ","E01014991","9E89106B-B290-2C71-E053-A03BA40A7146","Playing Field",72124.9151000025,128.68954,3,129740,15.5034013605442,"Less than or equal to 300m",345.670274904762,48548.3862091849,2.84353741496599,123622.034013605,1200.31235394921,"BS35 2AQ","BS35","2AQ","BS352AQ"
563305,"BS351LY","E01014989","9E89106B-B259-2C71-E053-A03BA40A7146","Playing Field",24330.6510499999,911.6057,2,57615,18.8045977011494,"900-1800m",887.373969,24330.6510499999,2,57615,7890.70968658573,"BS35 1LY","BS35","1LY","BS351LY"
563306,"BS352JF","E01014990","9E89106B-B259-2C71-E053-A03BA40A7146","Playing Field",24330.6510499999,46.010868,3,129740,22.2923076923077,"Less than or equal to 300m",384.701363846154,24330.6510499999,2.58461538461538,103963.153846154,7890.70968658573,"BS35 2JF","BS35","2JF","BS352JF"
563307,"BS353QU","E01014863","9E89106B-C859-2C71-E053-A03BA40A7146","Playing Field",25693.2959500003,342.358,2,39411,15.8172043010753,"300-600m",382.732130419355,22216.7256951615,2,39411,1555.09597769813,"BS35 3QU","BS35","3QU","BS353QU"
568419,"BS352LS","E01014988","9E89106B-B259-2C71-E053-A03BA40A7146","Playing Field",24330.6510499999,432.16663,3,129740,27.5283018867924,"300-600m",559.775370113207,24330.6510499999,2.20754716981132,82843.9622641509,7890.70968658573,"BS35 2LS","BS35","2LS","BS352LS"
584861,"BS352LG","E01014991","9E89106B-B259-2C71-E053-A03BA40A7146","Playing Field",24330.6510499999,225.6391,3,129740,15.5034013605442,"Less than or equal to 300m",345.670274904762,48548.3862091849,2.84353741496599,123622.034013605,7890.70968658573,"BS35 2LG","BS35","2LG","BS352LG"
598300,"BS351EG","E01014988","9E89106B-B259-2C71-E053-A03BA40A7146","Playing Field",24330.6510499999,81.608826,3,129740,27.5283018867924,"Less than or equal to 300m",559.775370113207,24330.6510499999,2.20754716981132,82843.9622641509,7890.70968658573,"BS35 1EG","BS35","1EG","BS351EG"
598912,"BS354PJ","E01014954","9E89106B-E56E-2C71-E053-A03BA40A7146","Playing Field",20257.9126500041,198.45654,1,20257,36.1818181818182,"Less than or equal to 300m",259.732080681818,20257.9126500041,1,20257,2307.08661417323,"BS35 4PJ","BS35","4PJ","BS354PJ"
601108,"BS352YL","E01014988","9E89106B-B259-2C71-E053-A03BA40A7146","Playing Field",24330.6510499999,868.93787,1,24330,27.5283018867924,"600-900m",559.775370113207,24330.6510499999,2.20754716981132,82843.9622641509,7890.70968658573,"BS35 2YL","BS35","2YL","BS352YL"
601690,"BS353RJ","E01014863","9E89106B-C859-2C71-E053-A03BA40A7146","Playing Field",25693.2959500003,516.1957,2,39411,15.8172043010753,"300-600m",382.732130419355,22216.7256951615,2,39411,1555.09597769813,"BS35 3RJ","BS35","3RJ","BS353RJ"
602216,"BS351TD","E01014985","9E89106B-B259-2C71-E053-A03BA40A7146","Playing Field",24330.6510499999,685.29193,2,57615,22.3692307692308,"600-900m",701.496076615384,24881.6757115384,1.92307692307692,55054.6153846154,7890.70968658573,"BS35 1TD","BS35","1TD","BS351TD"
609576,"BS353NJ","E01014863","9E89106B-C859-2C71-E053-A03BA40A7146","Playing Field",25693.2959500003,437.7225,2,39411,15.8172043010753,"300-600m",382.732130419355,22216.7256951615,2,39411,1555.09597769813,"BS35 3NJ","BS35","3NJ","BS353NJ"
622745,"BS352HZ","E01014991","9E89106B-B259-2C71-E053-A03BA40A7146","Playing Field",24330.6510499999,333.5386,3,129740,15.5034013605442,"300-600m",345.670274904762,48548.3862091849,2.84353741496599,123622.034013605,7890.70968658573,"BS35 2HZ","BS35","2HZ","BS352HZ"
622746,"BS354EB","E01014963","9E89103D-AA3C-2C71-E053-A03BA40A7146","Playing Field",6733.95254999965,192.77448,6,102183,11.3291925465839,"Less than or equal to 300m",891.458052753968,9074.2370654758,2.97619047619048,41204.5634920635,917.664596273291,"BS35 4EB","BS35","4EB","BS354EB"
625971,"BS351ED","E01014986","9E89106B-B259-2C71-E053-A03BA40A7146","Playing Field",24330.6510499999,325.34598,3,129740,12.5190839694657,"300-600m",223.350800885496,31440.1782114504,2.79389312977099,114874.541984733,7890.70968658573,"BS35 1ED","BS35","1ED","BS351ED"
631121,"BS351LR","E01014989","9E89106B-B259-2C71-E053-A03BA40A7146","Playing Field",24330.6510499999,943.2582,2,57615,18.8045977011494,"900-1800m",887.373969,24330.6510499999,2,57615,7890.70968658573,"BS35 1LR","BS35","1LR","BS351LR"
631122,"BS351TG","E01014985","9E89106B-B259-2C71-E053-A03BA40A7146","Playing Field",24330.6510499999,760.77985,2,57615,22.3692307692308,"600-900m",701.496076615384,24881.6757115384,1.92307692307692,55054.6153846154,7890.70968658573,"BS35 1TG","BS35","1TG","BS351TG"
635044,"BS351TB","E01014985","9E89106B-B259-2C71-E053-A03BA40A7146","Playing Field",24330.6510499999,692.26654,2,57615,22.3692307692308,"600-900m",701.496076615384,24881.6757115384,1.92307692307692,55054.6153846154,7890.70968658573,"BS35 1TB","BS35","1TB","BS351TB"
636642,"BS354DB","E01014963","9E89103D-AA3C-2C71-E053-A03BA40A7146","Playing Field",6733.95254999965,362.82916,2,48950,11.3291925465839,"300-600m",891.458052753968,9074.2370654758,2.97619047619048,41204.5634920635,917.664596273291,"BS35 4DB","BS35","4DB","BS354DB"
638025,"BS352DZ","E01014991","9E89106B-B259-2C71-E053-A03BA40A7146","Playing Field",24330.6510499999,365.54755,3,129740,15.5034013605442,"300-600m",345.670274904762,48548.3862091849,2.84353741496599,123622.034013605,7890.70968658573,"BS35 2DZ","BS35","2DZ","BS352DZ"
643909,"BS352AJ","E01014991","9E89106B-B290-2C71-E053-A03BA40A7146","Playing Field",72124.9151000025,57.974133,3,129740,15.5034013605442,"Less than or equal to 300m",345.670274904762,48548.3862091849,2.84353741496599,123622.034013605,1200.31235394921,"BS35 2AJ","BS35","2AJ","BS352AJ"
644546,"BS352YJ","E01014990","9E89106B-B259-2C71-E053-A03BA40A7146","Playing Field",24330.6510499999,747.25165,1,24330,22.2923076923077,"600-900m",384.701363846154,24330.6510499999,2.58461538461538,103963.153846154,7890.70968658573,"BS35 2YJ","BS35","2YJ","BS352YJ"
646588,"BS352HP","E01014990","9E89106B-B259-2C71-E053-A03BA40A7146","Playing Field",24330.6510499999,564.7557,2,57615,22.2923076923077,"300-600m",384.701363846154,24330.6510499999,2.58461538461538,103963.153846154,7890.70968658573,"BS35 2HP","BS35","2HP","BS352HP"
646589,"BS354PA","E01014953","9E89106B-E56E-2C71-E053-A03BA40A7146","Playing Field",20257.9126500041,534.4249,1,20257,16.6299212598425,"300-600m",811.041477401575,14624.6871074814,1.47244094488189,23124.5039370079,2307.08661417323,"BS35 4PA","BS35","4PA","BS354PA"
646949,"BS351BL","E01014987","9E89106B-B1BE-2C71-E053-A03BA40A7146","Playing Field",33284.8018,876.92645,1,33284,16.4111111111111,"600-900m",624.410508433333,33085.8206722222,2.06666666666667,69857.9555555556,2635.33409016767,"BS35 1BL","BS35","1BL","BS351BL"
648217,"BS354NP","E01014953","9E89106B-E56E-2C71-E053-A03BA40A7146","Playing Field",20257.9126500041,290,1,20257,16.6299212598425,"Less than or equal to 300m",811.041477401575,14624.6871074814,1.47244094488189,23124.5039370079,2307.08661417323,"BS35 4NP","BS35","4NP","BS354NP"
649891,"BS352DL","E01014991","9E89106B-B259-2C71-E053-A03BA40A7146","Playing Field",24330.6510499999,740.55383,2,96455,15.5034013605442,"600-900m",345.670274904762,48548.3862091849,2.84353741496599,123622.034013605,7890.70968658573,"BS35 2DL","BS35","2DL","BS352DL"
665451,"BS354BY","E01014963","9E89103D-AA3C-2C71-E053-A03BA40A7146","Playing Field",6733.95254999965,369.3034,1,6733,11.3291925465839,"300-600m",891.458052753968,9074.2370654758,2.97619047619048,41204.5634920635,917.664596273291,"BS35 4BY","BS35","4BY","BS354BY"
679664,"BS352HY","E01014992","9E89106B-B259-2C71-E053-A03BA40A7146","Playing Field",24330.6510499999,951.4731,1,24330,27.7307692307692,"900-1800m",915.784045,24330.6510499999,1.11538461538462,31158.2692307692,7890.70968658573,"BS35 2HY","BS35","2HY","BS352HY"
679665,"BS352JG","E01014990","9E89106B-B259-2C71-E053-A03BA40A7146","Playing Field",24330.6510499999,110.054535,3,129740,22.2923076923077,"Less than or equal to 300m",384.701363846154,24330.6510499999,2.58461538461538,103963.153846154,7890.70968658573,"BS35 2JG","BS35","2JG","BS352JG"
679666,"BS353PE","E01014863","9E89106B-C859-2C71-E053-A03BA40A7146","Playing Field",25693.2959500003,366.3946,2,39411,15.8172043010753,"300-600m",382.732130419355,22216.7256951615,2,39411,1555.09597769813,"BS35 3PE","BS35","3PE","BS353PE"
681605,"BS354HZ","E01014953","9E8911BC-B569-2C71-E053-A03BA40A7146","Public Park Or Garden",4793.66400000191,94.33981,2,27338,16.6299212598425,"Less than or equal to 300m",811.041477401575,14624.6871074814,1.47244094488189,23124.5039370079,848.125984251967,"BS35 4HZ","BS35","4HZ","BS354HZ"
683368,"BS352DX","E01014991","9E89106B-B259-2C71-E053-A03BA40A7146","Playing Field",24330.6510499999,549.2003,3,129740,15.5034013605442,"300-600m",345.670274904762,48548.3862091849,2.84353741496599,123622.034013605,7890.70968658573,"BS35 2DX","BS35","2DX","BS352DX"
683369,"BS354NQ","E01014953","9E89106B-E56E-2C71-E053-A03BA40A7146","Playing Field",20257.9126500041,959.84424,1,20257,16.6299212598425,"900-1800m",811.041477401575,14624.6871074814,1.47244094488189,23124.5039370079,2307.08661417323,"BS35 4NQ","BS35","4NQ","BS354NQ"
684840,"BS351SL","E01014987","9E89106B-B1BE-2C71-E053-A03BA40A7146","Playing Field",33284.8018,655.13354,2,57615,16.4111111111111,"600-900m",624.410508433333,33085.8206722222,2.06666666666667,69857.9555555556,2635.33409016767,"BS35 1SL","BS35","1SL","BS351SL"
684841,"BS352DJ","E01014991","9E89106B-B259-2C71-E053-A03BA40A7146","Playing Field",24330.6510499999,754.4601,2,96455,15.5034013605442,"600-900m",345.670274904762,48548.3862091849,2.84353741496599,123622.034013605,7890.70968658573,"BS35 2DJ","BS35","2DJ","BS352DJ"
687239,"BS354BW","E01014963","9E89103D-AA3C-2C71-E053-A03BA40A7146","Playing Field",6733.95254999965,313.1597,3,20915,11.3291925465839,"300-600m",891.458052753968,9074.2370654758,2.97619047619048,41204.5634920635,917.664596273291,"BS35 4BW","BS35","4BW","BS354BW"
688233,"BS351JF","E01014985","9E89106B-B1BE-2C71-E053-A03BA40A7146","Playing Field",33284.8018,603.24536,2,57615,22.3692307692308,"600-900m",701.496076615384,24881.6757115384,1.92307692307692,55054.6153846154,2635.33409016767,"BS35 1JF","BS35","1JF","BS351JF"
689077,"BS351SE","E01014987","9E89106B-B1BE-2C71-E053-A03BA40A7146","Playing Field",33284.8018,761.72766,2,57615,16.4111111111111,"600-900m",624.410508433333,33085.8206722222,2.06666666666667,69857.9555555556,2635.33409016767,"BS35 1SE","BS35","1SE","BS351SE"
690616,"BS352LX","E01014988","9E89106B-B259-2C71-E053-A03BA40A7146","Playing Field",24330.6510499999,479.50494,2,57615,27.5283018867924,"300-600m",559.775370113207,24330.6510499999,2.20754716981132,82843.9622641509,7890.70968658573,"BS35 2LX","BS35","2LX","BS352LX"
691251,"BS353QF","E01014863","9E89106B-C859-2C71-E053-A03BA40A7146","Playing Field",25693.2959500003,70.724815,2,39411,15.8172043010753,"Less than or equal to 300m",382.732130419355,22216.7256951615,2,39411,1555.09597769813,"BS35 3QF","BS35","3QF","BS353QF"
691833,"BS351SN","E01014987","9E89106B-B1BE-2C71-E053-A03BA40A7146","Playing Field",33284.8018,658.4542,2,57615,16.4111111111111,"600-900m",624.410508433333,33085.8206722222,2.06666666666667,69857.9555555556,2635.33409016767,"BS35 1SN","BS35","1SN","BS351SN"
692343,"BS354DU","E01014963","9E89103D-AA3C-2C71-E053-A03BA40A7146","Playing Field",6733.95254999965,569.64026,1,6733,11.3291925465839,"300-600m",891.458052753968,9074.2370654758,2.97619047619048,41204.5634920635,917.664596273291,"BS35 4DU","BS35","4DU","BS354DU"
693919,"BS351LS","E01014989","9E89106B-B259-2C71-E053-A03BA40A7146","Playing Field",24330.6510499999,862.29926,2,57615,18.8045977011494,"600-900m",887.373969,24330.6510499999,2,57615,7890.70968658573,"BS35 1LS","BS35","1LS","BS351LS"
702393,"BS351AU","E01014987","9E89106B-B1BE-2C71-E053-A03BA40A7146","Playing Field",33284.8018,971.08704,1,33284,16.4111111111111,"900-1800m",624.410508433333,33085.8206722222,2.06666666666667,69857.9555555556,2635.33409016767,"BS35 1AU","BS35","1AU","BS351AU"
702394,"BS352JB","E01014990","9E89106B-B259-2C71-E053-A03BA40A7146","Playing Field",24330.6510499999,55.00909,3,129740,22.2923076923077,"Less than or equal to 300m",384.701363846154,24330.6510499999,2.58461538461538,103963.153846154,7890.70968658573,"BS35 2JB","BS35","2JB","BS352JB"
702395,"BS353UR","E01014991","9E89106B-B290-2C71-E053-A03BA40A7146","Playing Field",72124.9151000025,478.28024,2,96455,15.5034013605442,"300-600m",345.670274904762,48548.3862091849,2.84353741496599,123622.034013605,1200.31235394921,"BS35 3UR","BS35","3UR","BS353UR"
715569,"BS352NZ","E01014991","9E89106B-B259-2C71-E053-A03BA40A7146","Playing Field",24330.6510499999,151.26797,3,129740,15.5034013605442,"Less than or equal to 300m",345.670274904762,48548.3862091849,2.84353741496599,123622.034013605,7890.70968658573,"BS35 2NZ","BS35","2NZ","BS352NZ"
721681,"BS352EU","E01014990","9E89106B-B259-2C71-E053-A03BA40A7146","Playing Field",24330.6510499999,702.4564,2,57615,22.2923076923077,"600-900m",384.701363846154,24330.6510499999,2.58461538461538,103963.153846154,7890.70968658573,"BS35 2EU","BS35","2EU","BS352EU"
728154,"BS352DS","E01014992","9E89106B-B259-2C71-E053-A03BA40A7146","Playing Field",24330.6510499999,783.2369,1,24330,27.7307692307692,"600-900m",915.784045,24330.6510499999,1.11538461538462,31158.2692307692,7890.70968658573,"BS35 2DS","BS35","2DS","BS352DS"
729871,"BS352EL","E01014990","9E89106B-B259-2C71-E053-A03BA40A7146","Playing Field",24330.6510499999,491.04785,3,129740,22.2923076923077,"300-600m",384.701363846154,24330.6510499999,2.58461538461538,103963.153846154,7890.70968658573,"BS35 2EL","BS35","2EL","BS352EL"
731250,"BS353QQ","E01014863","9E89106B-C859-2C71-E053-A03BA40A7146","Playing Field",25693.2959500003,212.46176,2,39411,15.8172043010753,"Less than or equal to 300m",382.732130419355,22216.7256951615,2,39411,1555.09597769813,"BS35 3QQ","BS35","3QQ","BS353QQ"
733626,"BS352HQ","E01014988","9E89106B-B259-2C71-E053-A03BA40A7146","Playing Field",24330.6510499999,688.9412,2,57615,27.5283018867924,"600-900m",559.775370113207,24330.6510499999,2.20754716981132,82843.9622641509,7890.70968658573,"BS35 2HQ","BS35","2HQ","BS352HQ"
733627,"BS354PR","E01014954","9E89106B-E56E-2C71-E053-A03BA40A7146","Playing Field",20257.9126500041,460.83838,1,20257,36.1818181818182,"300-600m",259.732080681818,20257.9126500041,1,20257,2307.08661417323,"BS35 4PR","BS35","4PR","BS354PR"
734605,"BS352EW","E01014990","9E89106B-B259-2C71-E053-A03BA40A7146","Playing Field",24330.6510499999,618.5467,2,57615,22.2923076923077,"600-900m",384.701363846154,24330.6510499999,2.58461538461538,103963.153846154,7890.70968658573,"BS35 2EW","BS35","2EW","BS352EW"
735537,"BS353QZ","E01014863","9E89106B-C859-2C71-E053-A03BA40A7146","Playing Field",25693.2959500003,27.856777,2,39411,15.8172043010753,"Less than or equal to 300m",382.732130419355,22216.7256951615,2,39411,1555.09597769813,"BS35 3QZ","BS35","3QZ","BS353QZ"
739255,"BS351JL","E01014986","9E89106B-B1BE-2C71-E053-A03BA40A7146","Playing Field",33284.8018,294.8525,3,129740,12.5190839694657,"Less than or equal to 300m",223.350800885496,31440.1782114504,2.79389312977099,114874.541984733,2635.33409016767,"BS35 1JL","BS35","1JL","BS351JL"
740069,"BS354DG","E01014963","9E89103D-AA3C-2C71-E053-A03BA40A7146","Playing Field",6733.95254999965,461.738,1,6733,11.3291925465839,"300-600m",891.458052753968,9074.2370654758,2.97619047619048,41204.5634920635,917.664596273291,"BS35 4DG","BS35","4DG","BS354DG"
741013,"BS352DR","E01014993","9E89106B-B259-2C71-E053-A03BA40A7146","Playing Field",24330.6510499999,902.6987,1,24330,18.9012345679012,"900-1800m",1089.01577338983,22890.2455042374,1.06779661016949,27779.6949152542,7890.70968658573,"BS35 2DR","BS35","2DR","BS352DR"
741289,"BS352DT","E01014992","9E89106B-B259-2C71-E053-A03BA40A7146","Playing Field",24330.6510499999,835.3993,1,24330,27.7307692307692,"600-900m",915.784045,24330.6510499999,1.11538461538462,31158.2692307692,7890.70968658573,"BS35 2DT","BS35","2DT","BS352DT"
742966,"BS352HH","E01014988","9E89106B-B259-2C71-E053-A03BA40A7146","Playing Field",24330.6510499999,884.2268,1,24330,27.5283018867924,"600-900m",559.775370113207,24330.6510499999,2.20754716981132,82843.9622641509,7890.70968658573,"BS35 2HH","BS35","2HH","BS352HH"
748974,"BS351SW","E01014987","9E89106B-B1BE-2C71-E053-A03BA40A7146","Playing Field",33284.8018,690.7923,2,57615,16.4111111111111,"600-900m",624.410508433333,33085.8206722222,2.06666666666667,69857.9555555556,2635.33409016767,"BS35 1SW","BS35","1SW","BS351SW"
748975,"BS352JN","E01014988","9E89106B-B259-2C71-E053-A03BA40A7146","Playing Field",24330.6510499999,255.88474,3,129740,27.5283018867924,"Less than or equal to 300m",559.775370113207,24330.6510499999,2.20754716981132,82843.9622641509,7890.70968658573,"BS35 2JN","BS35","2JN","BS352JN"
748976,"BS352LH","E01014990","9E89106B-B259-2C71-E053-A03BA40A7146","Playing Field",24330.6510499999,315.38705,3,129740,22.2923076923077,"300-600m",384.701363846154,24330.6510499999,2.58461538461538,103963.153846154,7890.70968658573,"BS35 2LH","BS35","2LH","BS352LH"
748977,"BS354DZ","E01014963","9E89103D-AA3C-2C71-E053-A03BA40A7146","Playing Field",6733.95254999965,203.54115,6,102183,11.3291925465839,"Less than or equal to 300m",891.458052753968,9074.2370654758,2.97619047619048,41204.5634920635,917.664596273291,"BS35 4DZ","BS35","4DZ","BS354DZ"
754180,"BS359SX","E01014986","9E89106B-B1BE-2C71-E053-A03BA40A7146","Playing Field",33284.8018,123.42204,3,129740,12.5190839694657,"Less than or equal to 300m",223.350800885496,31440.1782114504,2.79389312977099,114874.541984733,2635.33409016767,"BS35 9SX","BS35","9SX","BS359SX"
758557,"BS351PT","E01014962","9E89106B-829F-2C71-E053-A03BA40A7146","Playing Field",33031.7334500017,556.1025,1,33031,8.93298969072165,"300-600m",786.048303421053,33031.7334500017,1,33031,339.453608247423,"BS35 1PT","BS35","1PT","BS351PT"
762370,"BS352FJ","E01014991","9E89106B-B290-2C71-E053-A03BA40A7146","Playing Field",72124.9151000025,207.33789,3,129740,15.5034013605442,"Less than or equal to 300m",345.670274904762,48548.3862091849,2.84353741496599,123622.034013605,1200.31235394921,"BS35 2FJ","BS35","2FJ","BS352FJ"
765705,"BS353NN","E01014863","9E89106B-C74A-2C71-E053-A03BA40A7146","Playing Field",13718.4428500001,580.0138,2,39411,15.8172043010753,"300-600m",382.732130419355,22216.7256951615,2,39411,1047.13367712676,"BS35 3NN","BS35","3NN","BS353NN"
774914,"BS354BS","E01014963","9E89103D-AA3C-2C71-E053-A03BA40A7146","Playing Field",6733.95254999965,270.06665,2,20006,11.3291925465839,"Less than or equal to 300m",891.458052753968,9074.2370654758,2.97619047619048,41204.5634920635,917.664596273291,"BS35 4BS","BS35","4BS","BS354BS"
779308,"BS351BA","E01014986","9E89106B-B259-2C71-E053-A03BA40A7146","Playing Field",24330.6510499999,594.72516,2,57615,12.5190839694657,"300-600m",223.350800885496,31440.1782114504,2.79389312977099,114874.541984733,7890.70968658573,"BS35 1BA","BS35","1BA","BS351BA"
782183,"BS351JP","E01014986","9E89106B-B259-2C71-E053-A03BA40A7146","Playing Field",24330.6510499999,448.6268,2,57615,12.5190839694657,"300-600m",223.350800885496,31440.1782114504,2.79389312977099,114874.541984733,7890.70968658573,"BS35 1JP","BS35","1JP","BS351JP"
784271,"BS359TE","E01014986","9E89106B-B1BE-2C71-E053-A03BA40A7146","Playing Field",33284.8018,123.42204,3,129740,12.5190839694657,"Less than or equal to 300m",223.350800885496,31440.1782114504,2.79389312977099,114874.541984733,2635.33409016767,"BS35 9TE","BS35","9TE","BS359TE"
786654,"BS353SG","E01014864","9E89106B-C859-2C71-E053-A03BA40A7146","Playing Field",25693.2959500003,962.3851,1,25693,13.6111111111111,"900-1800m",394.070600096385,19843.9631415665,1.78313253012048,36501.9156626506,1555.09597769813,"BS35 3SG","BS35","3SG","BS353SG"
787618,"BS354EN","E01014963","9E89103D-AA3C-2C71-E053-A03BA40A7146","Playing Field",6733.95254999965,973.0622,1,6733,11.3291925465839,"900-1800m",891.458052753968,9074.2370654758,2.97619047619048,41204.5634920635,917.664596273291,"BS35 4EN","BS35","4EN","BS354EN"
800674,"BS353LH","E01014864","9E89106B-C74A-2C71-E053-A03BA40A7146","Playing Field",13718.4428500001,293.64093,2,39411,13.6111111111111,"Less than or equal to 300m",394.070600096385,19843.9631415665,1.78313253012048,36501.9156626506,1047.13367712676,"BS35 3LH","BS35","3LH","BS353LH"
800675,"BS359TR","E01014986","9E89106B-B1BE-2C71-E053-A03BA40A7146","Playing Field",33284.8018,123.42204,3,129740,12.5190839694657,"Less than or equal to 300m",223.350800885496,31440.1782114504,2.79389312977099,114874.541984733,2635.33409016767,"BS35 9TR","BS35","9TR","BS359TR"
805009,"BS359TA","E01014986","9E89106B-B1BE-2C71-E053-A03BA40A7146","Playing Field",33284.8018,123.42204,3,129740,12.5190839694657,"Less than or equal to 300m",223.350800885496,31440.1782114504,2.79389312977099,114874.541984733,2635.33409016767,"BS35 9TA","BS35","9TA","BS359TA"
808747,"BS352YH","E01014992","9E89106B-B259-2C71-E053-A03BA40A7146","Playing Field",24330.6510499999,844.5691,1,24330,27.7307692307692,"600-900m",915.784045,24330.6510499999,1.11538461538462,31158.2692307692,7890.70968658573,"BS35 2YH","BS35","2YH","BS352YH"
817129,"BS351PX","E01014962","9E89106B-829F-2C71-E053-A03BA40A7146","Playing Field",33031.7334500017,564.008,1,33031,8.93298969072165,"300-600m",786.048303421053,33031.7334500017,1,33031,339.453608247423,"BS35 1PX","BS35","1PX","BS351PX"
817130,"BS354PY","E01014954","9E89106B-E56E-2C71-E053-A03BA40A7146","Playing Field",20257.9126500041,127.581345,1,20257,36.1818181818182,"Less than or equal to 300m",259.732080681818,20257.9126500041,1,20257,2307.08661417323,"BS35 4PY","BS35","4PY","BS354PY"
819221,"BS351EP","E01014987","9E89106B-B1BE-2C71-E053-A03BA40A7146","Playing Field",33284.8018,120.070816,3,129740,16.4111111111111,"Less than or equal to 300m",624.410508433333,33085.8206722222,2.06666666666667,69857.9555555556,2635.33409016767,"BS35 1EP","BS35","1EP","BS351EP"
819222,"BS353HY","E01014991","9E89106B-B290-2C71-E053-A03BA40A7146","Playing Field",72124.9151000025,472.8224,2,96455,15.5034013605442,"300-600m",345.670274904762,48548.3862091849,2.84353741496599,123622.034013605,1200.31235394921,"BS35 3HY","BS35","3HY","BS353HY"
819223,"BS354QA","E01014954","9E89106B-E56E-2C71-E053-A03BA40A7146","Playing Field",20257.9126500041,131.46101,1,20257,36.1818181818182,"Less than or equal to 300m",259.732080681818,20257.9126500041,1,20257,2307.08661417323,"BS35 4QA","BS35","4QA","BS354QA"
821079,"BS352AP","E01014991","9E89106B-B290-2C71-E053-A03BA40A7146","Playing Field",72124.9151000025,76.321686,3,129740,15.5034013605442,"Less than or equal to 300m",345.670274904762,48548.3862091849,2.84353741496599,123622.034013605,1200.31235394921,"BS35 2AP","BS35","2AP","BS352AP"
821080,"BS352BP","E01014991","9E89106B-B290-2C71-E053-A03BA40A7146","Playing Field",72124.9151000025,421.84476,3,129740,15.5034013605442,"300-600m",345.670274904762,48548.3862091849,2.84353741496599,123622.034013605,1200.31235394921,"BS35 2BP","BS35","2BP","BS352BP"
821081,"BS352LB","E01014991","9E89106B-B290-2C71-E053-A03BA40A7146","Playing Field",72124.9151000025,227.26416,3,129740,15.5034013605442,"Less than or equal to 300m",345.670274904762,48548.3862091849,2.84353741496599,123622.034013605,1200.31235394921,"BS35 2LB","BS35","2LB","BS352LB"
824178,"BS351JG","E01014986","9E89106B-B259-2C71-E053-A03BA40A7146","Playing Field",24330.6510499999,211.60576,3,129740,12.5190839694657,"Less than or equal to 300m",223.350800885496,31440.1782114504,2.79389312977099,114874.541984733,7890.70968658573,"BS35 1JG","BS35","1JG","BS351JG"
824179,"BS351UA","E01014985","9E89106B-B259-2C71-E053-A03BA40A7146","Playing Field",24330.6510499999,650.17303,2,57615,22.3692307692308,"600-900m",701.496076615384,24881.6757115384,1.92307692307692,55054.6153846154,7890.70968658573,"BS35 1UA","BS35","1UA","BS351UA"
825428,"BS354NR","E01014954","9E89106B-E56E-2C71-E053-A03BA40A7146","Playing Field",20257.9126500041,304.19894,1,20257,36.1818181818182,"300-600m",259.732080681818,20257.9126500041,1,20257,2307.08661417323,"BS35 4NR","BS35","4NR","BS354NR"
826576,"BS351JD","E01014987","9E89106B-B1BE-2C71-E053-A03BA40A7146","Playing Field",33284.8018,562.66595,2,57615,16.4111111111111,"300-600m",624.410508433333,33085.8206722222,2.06666666666667,69857.9555555556,2635.33409016767,"BS35 1JD","BS35","1JD","BS351JD"
829381,"BS351LW","E01014987","9E89106B-B259-2C71-E053-A03BA40A7146","Playing Field",24330.6510499999,809.31146,2,57615,16.4111111111111,"600-900m",624.410508433333,33085.8206722222,2.06666666666667,69857.9555555556,7890.70968658573,"BS35 1LW","BS35","1LW","BS351LW"
830183,"BS352AT","E01014991","9E89106B-B290-2C71-E053-A03BA40A7146","Playing Field",72124.9151000025,106.48004,3,129740,15.5034013605442,"Less than or equal to 300m",345.670274904762,48548.3862091849,2.84353741496599,123622.034013605,1200.31235394921,"BS35 2AT","BS35","2AT","BS352AT"
833606,"BS351DX","E01014986","9E89106B-B259-2C71-E053-A03BA40A7146","Playing Field",24330.6510499999,452.0199,2,57615,12.5190839694657,"300-600m",223.350800885496,31440.1782114504,2.79389312977099,114874.541984733,7890.70968658573,"BS35 1DX","BS35","1DX","BS351DX"
834704,"BS351BW","E01014986","9E89106B-B1BE-2C71-E053-A03BA40A7146","Playing Field",33284.8018,162.79128,3,129740,12.5190839694657,"Less than or equal to 300m",223.350800885496,31440.1782114504,2.79389312977099,114874.541984733,2635.33409016767,"BS35 1BW","BS35","1BW","BS351BW"
842314,"BS354LG","E01014953","9E8911BC-B569-2C71-E053-A03BA40A7146","Public Park Or Garden",4793.66400000191,426.298,2,27338,16.6299212598425,"300-600m",811.041477401575,14624.6871074814,1.47244094488189,23124.5039370079,848.125984251967,"BS35 4LG","BS35","4LG","BS354LG"
847342,"BS351AW","E01014985","9E89106B-B259-2C71-E053-A03BA40A7146","Playing Field",24330.6510499999,485.74066,2,57615,22.3692307692308,"300-600m",701.496076615384,24881.6757115384,1.92307692307692,55054.6153846154,7890.70968658573,"BS35 1AW","BS35","1AW","BS351AW"
851673,"BS351DJ","E01014986","9E89106B-B259-2C71-E053-A03BA40A7146","Playing Field",24330.6510499999,98.99495,3,129740,12.5190839694657,"Less than or equal to 300m",223.350800885496,31440.1782114504,2.79389312977099,114874.541984733,7890.70968658573,"BS35 1DJ","BS35","1DJ","BS351DJ"
851674,"BS352LN","E01014990","9E89106B-B259-2C71-E053-A03BA40A7146","Playing Field",24330.6510499999,297.48447,3,129740,22.2923076923077,"Less than or equal to 300m",384.701363846154,24330.6510499999,2.58461538461538,103963.153846154,7890.70968658573,"BS35 2LN","BS35","2LN","BS352LN"
855424,"BS354PW","E01014953","9E89106B-E56E-2C71-E053-A03BA40A7146","Playing Field",20257.9126500041,67.357254,1,20257,16.6299212598425,"Less than or equal to 300m",811.041477401575,14624.6871074814,1.47244094488189,23124.5039370079,2307.08661417323,"BS35 4PW","BS35","4PW","BS354PW"
858599,"BS352BD","E01014986","9E89106B-B1BE-2C71-E053-A03BA40A7146","Playing Field",33284.8018,181.22362,3,129740,12.5190839694657,"Less than or equal to 300m",223.350800885496,31440.1782114504,2.79389312977099,114874.541984733,2635.33409016767,"BS35 2BD","BS35","2BD","BS352BD"
858600,"BS354HP","E01014953","9E8911BC-B569-2C71-E053-A03BA40A7146","Public Park Or Garden",4793.66400000191,858.5872,2,27338,16.6299212598425,"600-900m",811.041477401575,14624.6871074814,1.47244094488189,23124.5039370079,848.125984251967,"BS35 4HP","BS35","4HP","BS354HP"
861318,"BS352JP","E01014988","9E89106B-B259-2C71-E053-A03BA40A7146","Playing Field",24330.6510499999,224.16289,3,129740,27.5283018867924,"Less than or equal to 300m",559.775370113207,24330.6510499999,2.20754716981132,82843.9622641509,7890.70968658573,"BS35 2JP","BS35","2JP","BS352JP"
863651,"BS351PR","E01014962","9E89106B-829F-2C71-E053-A03BA40A7146","Playing Field",33031.7334500017,339.81906,1,33031,8.93298969072165,"300-600m",786.048303421053,33031.7334500017,1,33031,339.453608247423,"BS35 1PR","BS35","1PR","BS351PR"
865808,"BS352ET","E01014990","9E89106B-B259-2C71-E053-A03BA40A7146","Playing Field",24330.6510499999,672.47675,3,129740,22.2923076923077,"600-900m",384.701363846154,24330.6510499999,2.58461538461538,103963.153846154,7890.70968658573,"BS35 2ET","BS35","2ET","BS352ET"
865809,"BS352JU","E01014988","9E89106B-B259-2C71-E053-A03BA40A7146","Playing Field",24330.6510499999,578.3632,2,57615,27.5283018867924,"300-600m",559.775370113207,24330.6510499999,2.20754716981132,82843.9622641509,7890.70968658573,"BS35 2JU","BS35","2JU","BS352JU"
867676,"BS351HW","E01014986","9E89106B-B1BE-2C71-E053-A03BA40A7146","Playing Field",33284.8018,226.89645,3,129740,12.5190839694657,"Less than or equal to 300m",223.350800885496,31440.1782114504,2.79389312977099,114874.541984733,2635.33409016767,"BS35 1HW","BS35","1HW","BS351HW"
867677,"BS354DN","E01014963","9E89103D-AA3C-2C71-E053-A03BA40A7146","Playing Field",6733.95254999965,502.67783,3,33883,11.3291925465839,"300-600m",891.458052753968,9074.2370654758,2.97619047619048,41204.5634920635,917.664596273291,"BS35 4DN","BS35","4DN","BS354DN"
869263,"BS351UP","E01014985","9E89106B-B259-2C71-E053-A03BA40A7146","Playing Field",24330.6510499999,721.0118,2,57615,22.3692307692308,"600-900m",701.496076615384,24881.6757115384,1.92307692307692,55054.6153846154,7890.70968658573,"BS35 1UP","BS35","1UP","BS351UP"
870682,"BS352DP","E01014992","9E89106B-B259-2C71-E053-A03BA40A7146","Playing Field",24330.6510499999,904.8724,1,24330,27.7307692307692,"900-1800m",915.784045,24330.6510499999,1.11538461538462,31158.2692307692,7890.70968658573,"BS35 2DP","BS35","2DP","BS352DP"
873030,"BS353LU","E01014864","9E89106B-C859-2C71-E053-A03BA40A7146","Playing Field",25693.2959500003,277.95862,2,39411,13.6111111111111,"Less than or equal to 300m",394.070600096385,19843.9631415665,1.78313253012048,36501.9156626506,1555.09597769813,"BS35 3LU","BS35","3LU","BS353LU"
874937,"BS352DF","E01014991","9E89106B-B259-2C71-E053-A03BA40A7146","Playing Field",24330.6510499999,637.55316,3,129740,15.5034013605442,"600-900m",345.670274904762,48548.3862091849,2.84353741496599,123622.034013605,7890.70968658573,"BS35 2DF","BS35","2DF","BS352DF"
876470,"BS351HQ","E01014986","9E89106B-B1BE-2C71-E053-A03BA40A7146","Playing Field",33284.8018,292.24988,3,129740,12.5190839694657,"Less than or equal to 300m",223.350800885496,31440.1782114504,2.79389312977099,114874.541984733,2635.33409016767,"BS35 1HQ","BS35","1HQ","BS351HQ"
877676,"BS352LU","E01014988","9E89106B-B259-2C71-E053-A03BA40A7146","Playing Field",24330.6510499999,473.82065,3,129740,27.5283018867924,"300-600m",559.775370113207,24330.6510499999,2.20754716981132,82843.9622641509,7890.70968658573,"BS35 2LU","BS35","2LU","BS352LU"
877677,"BS354DA","E01014963","9E89103D-AA3C-2C71-E053-A03BA40A7146","Playing Field",6733.95254999965,356.45056,1,6733,11.3291925465839,"300-600m",891.458052753968,9074.2370654758,2.97619047619048,41204.5634920635,917.664596273291,"BS35 4DA","BS35","4DA","BS354DA"
878645,"BS351PY","E01014962","9E89106B-829F-2C71-E053-A03BA40A7146","Playing Field",33031.7334500017,646.5787,1,33031,8.93298969072165,"600-900m",786.048303421053,33031.7334500017,1,33031,339.453608247423,"BS35 1PY","BS35","1PY","BS351PY"
879101,"BS354JH","E01014953","9E89106B-E865-2C71-E053-A03BA40A7146","Playing Field",22544.7494999961,786.8348,1,22544,16.6299212598425,"600-900m",811.041477401575,14624.6871074814,1.47244094488189,23124.5039370079,482.267716535433,"BS35 4JH","BS35","4JH","BS354JH"
879523,"BS354NH","E01014954","9E89106B-E56E-2C71-E053-A03BA40A7146","Playing Field",20257.9126500041,727.58777,1,20257,36.1818181818182,"600-900m",259.732080681818,20257.9126500041,1,20257,2307.08661417323,"BS35 4NH","BS35","4NH","BS354NH"
879853,"BS353LG","E01014864","9E89106B-C74A-2C71-E053-A03BA40A7146","Playing Field",13718.4428500001,178.70926,2,39411,13.6111111111111,"Less than or equal to 300m",394.070600096385,19843.9631415665,1.78313253012048,36501.9156626506,1047.13367712676,"BS35 3LG","BS35","3LG","BS353LG"
888484,"BS353LN","E01014863","9E89106B-C859-2C71-E053-A03BA40A7146","Playing Field",25693.2959500003,170.65755,2,39411,15.8172043010753,"Less than or equal to 300m",382.732130419355,22216.7256951615,2,39411,1555.09597769813,"BS35 3LN","BS35","3LN","BS353LN"
893616,"BS352JW","E01014988","9E89106B-B259-2C71-E053-A03BA40A7146","Playing Field",24330.6510499999,144.69278,3,129740,27.5283018867924,"Less than or equal to 300m",559.775370113207,24330.6510499999,2.20754716981132,82843.9622641509,7890.70968658573,"BS35 2JW","BS35","2JW","BS352JW"
898022,"BS352AF","E01014991","9E89106B-B290-2C71-E053-A03BA40A7146","Playing Field",72124.9151000025,457.61118,3,129740,15.5034013605442,"300-600m",345.670274904762,48548.3862091849,2.84353741496599,123622.034013605,1200.31235394921,"BS35 2AF","BS35","2AF","BS352AF"
898023,"BS353NF","E01014864","9E89106B-C859-2C71-E053-A03BA40A7146","Playing Field",25693.2959500003,312.33957,2,39411,13.6111111111111,"300-600m",394.070600096385,19843.9631415665,1.78313253012048,36501.9156626506,1555.09597769813,"BS35 3NF","BS35","3NF","BS353NF"
901757,"BS352JS","E01014988","9E89106B-B259-2C71-E053-A03BA40A7146","Playing Field",24330.6510499999,327.62173,3,129740,27.5283018867924,"300-600m",559.775370113207,24330.6510499999,2.20754716981132,82843.9622641509,7890.70968658573,"BS35 2JS","BS35","2JS","BS352JS"
905056,"BS352BU","E01014991","9E89106B-B259-2C71-E053-A03BA40A7146","Playing Field",24330.6510499999,442.29514,3,129740,15.5034013605442,"300-600m",345.670274904762,48548.3862091849,2.84353741496599,123622.034013605,7890.70968658573,"BS35 2BU","BS35","2BU","BS352BU"
912354,"BS354BX","E01014963","9E89103D-AA3C-2C71-E053-A03BA40A7146","Playing Field",6733.95254999965,337.4285,1,6733,11.3291925465839,"300-600m",891.458052753968,9074.2370654758,2.97619047619048,41204.5634920635,917.664596273291,"BS35 4BX","BS35","4BX","BS354BX"
915870,"BS351DG","E01014986","9E89106B-B1BE-2C71-E053-A03BA40A7146","Playing Field",33284.8018,162.86497,3,129740,12.5190839694657,"Less than or equal to 300m",223.350800885496,31440.1782114504,2.79389312977099,114874.541984733,2635.33409016767,"BS35 1DG","BS35","1DG","BS351DG"
918642,"BS354LP","E01014953","9E8911BC-B569-2C71-E053-A03BA40A7146","Public Park Or Garden",4793.66400000191,524.69135,2,27338,16.6299212598425,"300-600m",811.041477401575,14624.6871074814,1.47244094488189,23124.5039370079,848.125984251967,"BS35 4LP","BS35","4LP","BS354LP"
919761,"BS351SF","E01014987","9E89106B-B1BE-2C71-E053-A03BA40A7146","Playing Field",33284.8018,741.96765,2,57615,16.4111111111111,"600-900m",624.410508433333,33085.8206722222,2.06666666666667,69857.9555555556,2635.33409016767,"BS35 1SF","BS35","1SF","BS351SF"
919762,"BS359TG","E01014986","9E89106B-B1BE-2C71-E053-A03BA40A7146","Playing Field",33284.8018,123.42204,3,129740,12.5190839694657,"Less than or equal to 300m",223.350800885496,31440.1782114504,2.79389312977099,114874.541984733,2635.33409016767,"BS35 9TG","BS35","9TG","BS359TG"
922497,"BS352DW","E01014992","9E89106B-B259-2C71-E053-A03BA40A7146","Playing Field",24330.6510499999,758.0831,2,96455,27.7307692307692,"600-900m",915.784045,24330.6510499999,1.11538461538462,31158.2692307692,7890.70968658573,"BS35 2DW","BS35","2DW","BS352DW"
924844,"BS351LA","E01014987","9E89106B-B1BE-2C71-E053-A03BA40A7146","Playing Field",33284.8018,493.8188,2,57615,16.4111111111111,"300-600m",624.410508433333,33085.8206722222,2.06666666666667,69857.9555555556,2635.33409016767,"BS35 1LA","BS35","1LA","BS351LA"
924845,"BS354QD","E01014954","9E89106B-E56E-2C71-E053-A03BA40A7146","Playing Field",20257.9126500041,70.837845,1,20257,36.1818181818182,"Less than or equal to 300m",259.732080681818,20257.9126500041,1,20257,2307.08661417323,"BS35 4QD","BS35","4QD","BS354QD"
926779,"BS352YN","E01014992","9E89106B-B259-2C71-E053-A03BA40A7146","Playing Field",24330.6510499999,865.64716,1,24330,27.7307692307692,"600-900m",915.784045,24330.6510499999,1.11538461538462,31158.2692307692,7890.70968658573,"BS35 2YN","BS35","2YN","BS352YN"
927821,"BS354PP","E01014954","9E89106B-E56E-2C71-E053-A03BA40A7146","Playing Field",20257.9126500041,212.66405,1,20257,36.1818181818182,"Less than or equal to 300m",259.732080681818,20257.9126500041,1,20257,2307.08661417323,"BS35 4PP","BS35","4PP","BS354PP"
929070,"BS351EN","E01014986","9E89106B-B1BE-2C71-E053-A03BA40A7146","Playing Field",33284.8018,43.737854,3,129740,12.5190839694657,"Less than or equal to 300m",223.350800885496,31440.1782114504,2.79389312977099,114874.541984733,2635.33409016767,"BS35 1EN","BS35","1EN","BS351EN"
944488,"BS353NL","E01014863","9E89106B-C74A-2C71-E053-A03BA40A7146","Playing Field",13718.4428500001,597.62195,2,39411,15.8172043010753,"300-600m",382.732130419355,22216.7256951615,2,39411,1047.13367712676,"BS35 3NL","BS35","3NL","BS353NL"
944489,"BS354JD","E01014953","9E89106B-E865-2C71-E053-A03BA40A7146","Playing Field",22544.7494999961,82.637764,2,27338,16.6299212598425,"Less than or equal to 300m",811.041477401575,14624.6871074814,1.47244094488189,23124.5039370079,482.267716535433,"BS35 4JD","BS35","4JD","BS354JD"
944490,"BS359SY","E01014986","9E89106B-B1BE-2C71-E053-A03BA40A7146","Playing Field",33284.8018,123.42204,3,129740,12.5190839694657,"Less than or equal to 300m",223.350800885496,31440.1782114504,2.79389312977099,114874.541984733,2635.33409016767,"BS35 9SY","BS35","9SY","BS359SY"
948215,"BS352DB","E01014991","9E89106B-B259-2C71-E053-A03BA40A7146","Playing Field",24330.6510499999,418.5272,3,129740,15.5034013605442,"300-600m",345.670274904762,48548.3862091849,2.84353741496599,123622.034013605,7890.70968658573,"BS35 2DB","BS35","2DB","BS352DB"
948216,"BS352HD","E01014990","9E89106B-B259-2C71-E053-A03BA40A7146","Playing Field",24330.6510499999,452.23886,3,129740,22.2923076923077,"300-600m",384.701363846154,24330.6510499999,2.58461538461538,103963.153846154,7890.70968658573,"BS35 2HD","BS35","2HD","BS352HD"
948217,"BS353RE","E01014863","9E89106B-C859-2C71-E053-A03BA40A7146","Playing Field",25693.2959500003,354.3459,2,39411,15.8172043010753,"300-600m",382.732130419355,22216.7256951615,2,39411,1555.09597769813,"BS35 3RE","BS35","3RE","BS353RE"
951486,"BS352BS","E01014991","9E89106B-B290-2C71-E053-A03BA40A7146","Playing Field",72124.9151000025,311.68094,3,129740,15.5034013605442,"300-600m",345.670274904762,48548.3862091849,2.84353741496599,123622.034013605,1200.31235394921,"BS35 2BS","BS35","2BS","BS352BS"
954352,"BS352LT","E01014988","9E89106B-B259-2C71-E053-A03BA40A7146","Playing Field",24330.6510499999,485.83124,2,57615,27.5283018867924,"300-600m",559.775370113207,24330.6510499999,2.20754716981132,82843.9622641509,7890.70968658573,"BS35 2LT","BS35","2LT","BS352LT"
958868,"BS352LJ","E01014990","9E89106B-B259-2C71-E053-A03BA40A7146","Playing Field",24330.6510499999,339.52466,3,129740,22.2923076923077,"300-600m",384.701363846154,24330.6510499999,2.58461538461538,103963.153846154,7890.70968658573,"BS35 2LJ","BS35","2LJ","BS352LJ"
960755,"BS351HR","E01014987","9E89106B-B1BE-2C71-E053-A03BA40A7146","Playing Field",33284.8018,154.98387,3,129740,16.4111111111111,"Less than or equal to 300m",624.410508433333,33085.8206722222,2.06666666666667,69857.9555555556,2635.33409016767,"BS35 1HR","BS35","1HR","BS351HR"
960756,"BS351JW","E01014986","9E89106B-B1BE-2C71-E053-A03BA40A7146","Playing Field",33284.8018,472.90274,2,57615,12.5190839694657,"300-600m",223.350800885496,31440.1782114504,2.79389312977099,114874.541984733,2635.33409016767,"BS35 1JW","BS35","1JW","BS351JW"
963896,"BS351ST","E01014987","9E89106B-B1BE-2C71-E053-A03BA40A7146","Playing Field",33284.8018,796.15704,2,57615,16.4111111111111,"600-900m",624.410508433333,33085.8206722222,2.06666666666667,69857.9555555556,2635.33409016767,"BS35 1ST","BS35","1ST","BS351ST"
965168,"BS354BR","E01014953","9E89106B-E865-2C71-E053-A03BA40A7146","Playing Field",22544.7494999961,658.4778,2,27338,16.6299212598425,"600-900m",811.041477401575,14624.6871074814,1.47244094488189,23124.5039370079,482.267716535433,"BS35 4BR","BS35","4BR","BS354BR"
966282,"BS353XL","E01014991","9E89106B-B290-2C71-E053-A03BA40A7146","Playing Field",72124.9151000025,665.7702,1,72124,15.5034013605442,"600-900m",345.670274904762,48548.3862091849,2.84353741496599,123622.034013605,1200.31235394921,"BS35 3XL","BS35","3XL","BS353XL"
968152,"BS352AB","E01014991","9E89106B-B290-2C71-E053-A03BA40A7146","Playing Field",72124.9151000025,174.86281,3,129740,15.5034013605442,"Less than or equal to 300m",345.670274904762,48548.3862091849,2.84353741496599,123622.034013605,1200.31235394921,"BS35 2AB","BS35","2AB","BS352AB"
968926,"BS352LF","E01014864","9E89106B-C74A-2C71-E053-A03BA40A7146","Playing Field",13718.4428500001,40.311287,2,39411,13.6111111111111,"Less than or equal to 300m",394.070600096385,19843.9631415665,1.78313253012048,36501.9156626506,1047.13367712676,"BS35 2LF","BS35","2LF","BS352LF"
969636,"BS354LU","E01014953","9E8911BC-B569-2C71-E053-A03BA40A7146","Public Park Or Garden",4793.66400000191,846.36224,1,4793,16.6299212598425,"600-900m",811.041477401575,14624.6871074814,1.47244094488189,23124.5039370079,848.125984251967,"BS35 4LU","BS35","4LU","BS354LU"
970827,"BS353JB","E01014991","9E89106B-B290-2C71-E053-A03BA40A7146","Playing Field",72124.9151000025,706.7595,2,85843,15.5034013605442,"600-900m",345.670274904762,48548.3862091849,2.84353741496599,123622.034013605,1200.31235394921,"BS35 3JB","BS35","3JB","BS353JB"
972168,"BS351BS","E01014988","9E89106B-B259-2C71-E053-A03BA40A7146","Playing Field",24330.6510499999,947.0739,1,24330,27.5283018867924,"900-1800m",559.775370113207,24330.6510499999,2.20754716981132,82843.9622641509,7890.70968658573,"BS35 1BS","BS35","1BS","BS351BS"
972496,"BS353JN","E01014863","9E89106B-C74A-2C71-E053-A03BA40A7146","Playing Field",13718.4428500001,497.1217,2,39411,15.8172043010753,"300-600m",382.732130419355,22216.7256951615,2,39411,1047.13367712676,"BS35 3JN","BS35","3JN","BS353JN"
973703,"BS352YF","E01014988","9E89106B-B259-2C71-E053-A03BA40A7146","Playing Field",24330.6510499999,921.0657,1,24330,27.5283018867924,"900-1800m",559.775370113207,24330.6510499999,2.20754716981132,82843.9622641509,7890.70968658573,"BS35 2YF","BS35","2YF","BS352YF"
974139,"BS354DW","E01014963","9E89103D-AA3C-2C71-E053-A03BA40A7146","Playing Field",6733.95254999965,415.41547,1,6733,11.3291925465839,"300-600m",891.458052753968,9074.2370654758,2.97619047619048,41204.5634920635,917.664596273291,"BS35 4DW","BS35","4DW","BS354DW"
981555,"BS351UF","E01014985","9E89106B-B259-2C71-E053-A03BA40A7146","Playing Field",24330.6510499999,741.22736,2,57615,22.3692307692308,"600-900m",701.496076615384,24881.6757115384,1.92307692307692,55054.6153846154,7890.70968658573,"BS35 1UF","BS35","1UF","BS351UF"
986674,"BS352HG","E01014990","9E89106B-B259-2C71-E053-A03BA40A7146","Playing Field",24330.6510499999,608.12665,2,57615,22.2923076923077,"600-900m",384.701363846154,24330.6510499999,2.58461538461538,103963.153846154,7890.70968658573,"BS35 2HG","BS35","2HG","BS352HG"
991064,"BS351LL","E01014987","9E89106B-B1BE-2C71-E053-A03BA40A7146","Playing Field",33284.8018,787.5227,2,57615,16.4111111111111,"600-900m",624.410508433333,33085.8206722222,2.06666666666667,69857.9555555556,2635.33409016767,"BS35 1LL","BS35","1LL","BS351LL"
991065,"BS353LZ","E01014864","9E89106B-C74A-2C71-E053-A03BA40A7146","Playing Field",13718.4428500001,252.23204,2,39411,13.6111111111111,"Less than or equal to 300m",394.070600096385,19843.9631415665,1.78313253012048,36501.9156626506,1047.13367712676,"BS35 3LZ","BS35","3LZ","BS353LZ"
994817,"BS351JR","E01014986","9E89106B-B259-2C71-E053-A03BA40A7146","Playing Field",24330.6510499999,543.1114,2,57615,12.5190839694657,"300-600m",223.350800885496,31440.1782114504,2.79389312977099,114874.541984733,7890.70968658573,"BS35 1JR","BS35","1JR","BS351JR"
994818,"BS351SX","E01014987","9E89106B-B1BE-2C71-E053-A03BA40A7146","Playing Field",33284.8018,862.792,2,57615,16.4111111111111,"600-900m",624.410508433333,33085.8206722222,2.06666666666667,69857.9555555556,2635.33409016767,"BS35 1SX","BS35","1SX","BS351SX"
994819,"BS352JT","E01014988","9E89106B-B259-2C71-E053-A03BA40A7146","Playing Field",24330.6510499999,372.50504,3,129740,27.5283018867924,"300-600m",559.775370113207,24330.6510499999,2.20754716981132,82843.9622641509,7890.70968658573,"BS35 2JT","BS35","2JT","BS352JT"
998108,"BS352AZ","E01014991","9E89106B-B290-2C71-E053-A03BA40A7146","Playing Field",72124.9151000025,191.70811,3,129740,15.5034013605442,"Less than or equal to 300m",345.670274904762,48548.3862091849,2.84353741496599,123622.034013605,1200.31235394921,"BS35 2AZ","BS35","2AZ","BS352AZ"
1003298,"BS354PZ","E01014954","9E89106B-E56E-2C71-E053-A03BA40A7146","Playing Field",20257.9126500041,170.49634,1,20257,36.1818181818182,"Less than or equal to 300m",259.732080681818,20257.9126500041,1,20257,2307.08661417323,"BS35 4PZ","BS35","4PZ","BS354PZ"
1005436,"BS351GZ","E01014986","9E89106B-B1BE-2C71-E053-A03BA40A7146","Playing Field",33284.8018,509.00885,2,57615,12.5190839694657,"300-600m",223.350800885496,31440.1782114504,2.79389312977099,114874.541984733,2635.33409016767,"BS35 1GZ","BS35","1GZ","BS351GZ"
1007298,"BS353PN","E01014863","9E89106B-C859-2C71-E053-A03BA40A7146","Playing Field",25693.2959500003,629.9365,2,39411,15.8172043010753,"600-900m",382.732130419355,22216.7256951615,2,39411,1555.09597769813,"BS35 3PN","BS35","3PN","BS353PN"
1008938,"BS354NJ","E01014953","9E89106B-E56E-2C71-E053-A03BA40A7146","Playing Field",20257.9126500041,205.22183,1,20257,16.6299212598425,"Less than or equal to 300m",811.041477401575,14624.6871074814,1.47244094488189,23124.5039370079,2307.08661417323,"BS35 4NJ","BS35","4NJ","BS354NJ"
1014622,"BS353RA","E01014863","9E89106B-C859-2C71-E053-A03BA40A7146","Playing Field",25693.2959500003,169.70563,2,39411,15.8172043010753,"Less than or equal to 300m",382.732130419355,22216.7256951615,2,39411,1555.09597769813,"BS35 3RA","BS35","3RA","BS353RA"
1016152,"BS352HR","E01014990","9E89106B-B259-2C71-E053-A03BA40A7146","Playing Field",24330.6510499999,771.6502,1,24330,22.2923076923077,"600-900m",384.701363846154,24330.6510499999,2.58461538461538,103963.153846154,7890.70968658573,"BS35 2HR","BS35","2HR","BS352HR"
1016810,"BS351JT","E01014985","9E89106B-B259-2C71-E053-A03BA40A7146","Playing Field",24330.6510499999,650.293,2,57615,22.3692307692308,"600-900m",701.496076615384,24881.6757115384,1.92307692307692,55054.6153846154,7890.70968658573,"BS35 1JT","BS35","1JT","BS351JT"
1021962,"BS351HL","E01014986","9E89106B-B1BE-2C71-E053-A03BA40A7146","Playing Field",33284.8018,42.80187,3,129740,12.5190839694657,"Less than or equal to 300m",223.350800885496,31440.1782114504,2.79389312977099,114874.541984733,2635.33409016767,"BS35 1HL","BS35","1HL","BS351HL"
1021963,"BS351UJ","E01014985","9E89106B-B259-2C71-E053-A03BA40A7146","Playing Field",24330.6510499999,756.5507,2,57615,22.3692307692308,"600-900m",701.496076615384,24881.6757115384,1.92307692307692,55054.6153846154,7890.70968658573,"BS35 1UJ","BS35","1UJ","BS351UJ"
1021964,"BS352DQ","E01014991","9E89106B-B259-2C71-E053-A03BA40A7146","Playing Field",24330.6510499999,630.6703,3,129740,15.5034013605442,"600-900m",345.670274904762,48548.3862091849,2.84353741496599,123622.034013605,7890.70968658573,"BS35 2DQ","BS35","2DQ","BS352DQ"
1027963,"BS359SF","E01014986","9E89106B-B1BE-2C71-E053-A03BA40A7146","Playing Field",33284.8018,123.42204,3,129740,12.5190839694657,"Less than or equal to 300m",223.350800885496,31440.1782114504,2.79389312977099,114874.541984733,2635.33409016767,"BS35 9SF","BS35","9SF","BS359SF"
1044561,"BS352JH","E01014990","9E89106B-B259-2C71-E053-A03BA40A7146","Playing Field",24330.6510499999,180.2942,3,129740,22.2923076923077,"Less than or equal to 300m",384.701363846154,24330.6510499999,2.58461538461538,103963.153846154,7890.70968658573,"BS35 2JH","BS35","2JH","BS352JH"
1044562,"BS353NG","E01014864","9E89106B-C859-2C71-E053-A03BA40A7146","Playing Field",25693.2959500003,382.39377,2,39411,13.6111111111111,"300-600m",394.070600096385,19843.9631415665,1.78313253012048,36501.9156626506,1555.09597769813,"BS35 3NG","BS35","3NG","BS353NG"
1047351,"BS352NY","E01014991","9E89106B-B259-2C71-E053-A03BA40A7146","Playing Field",24330.6510499999,206.32256,3,129740,15.5034013605442,"Less than or equal to 300m",345.670274904762,48548.3862091849,2.84353741496599,123622.034013605,7890.70968658573,"BS35 2NY","BS35","2NY","BS352NY"
1047352,"BS354LR","E01014953","9E8911BC-B569-2C71-E053-A03BA40A7146","Public Park Or Garden",4793.66400000191,593.00085,3,47596,16.6299212598425,"300-600m",811.041477401575,14624.6871074814,1.47244094488189,23124.5039370079,848.125984251967,"BS35 4LR","BS35","4LR","BS354LR"
1051952,"BS354QE","E01014954","9E89106B-E56E-2C71-E053-A03BA40A7146","Playing Field",20257.9126500041,35.902645,1,20257,36.1818181818182,"Less than or equal to 300m",259.732080681818,20257.9126500041,1,20257,2307.08661417323,"BS35 4QE","BS35","4QE","BS354QE"
1056873,"BS353PB","E01014864","9E89106B-C859-2C71-E053-A03BA40A7146","Playing Field",25693.2959500003,311.3872,2,39411,13.6111111111111,"300-600m",394.070600096385,19843.9631415665,1.78313253012048,36501.9156626506,1555.09597769813,"BS35 3PB","BS35","3PB","BS353PB"
1058133,"BS351AH","E01014987","9E89106B-B1BE-2C71-E053-A03BA40A7146","Playing Field",33284.8018,897.87805,2,57615,16.4111111111111,"600-900m",624.410508433333,33085.8206722222,2.06666666666667,69857.9555555556,2635.33409016767,"BS35 1AH","BS35","1AH","BS351AH"
1058134,"BS353PG","E01014864","9E89106B-C859-2C71-E053-A03BA40A7146","Playing Field",25693.2959500003,320.15622,2,39411,13.6111111111111,"300-600m",394.070600096385,19843.9631415665,1.78313253012048,36501.9156626506,1555.09597769813,"BS35 3PG","BS35","3PG","BS353PG"
1061166,"BS354LN","E01014953","9E8911BC-B569-2C71-E053-A03BA40A7146","Public Park Or Garden",4793.66400000191,465.89484,2,27338,16.6299212598425,"300-600m",811.041477401575,14624.6871074814,1.47244094488189,23124.5039370079,848.125984251967,"BS35 4LN","BS35","4LN","BS354LN"
1064883,"BS354JE","E01014953","9E8911BC-B569-2C71-E053-A03BA40A7146","Public Park Or Garden",4793.66400000191,291.89896,2,27338,16.6299212598425,"Less than or equal to 300m",811.041477401575,14624.6871074814,1.47244094488189,23124.5039370079,848.125984251967,"BS35 4JE","BS35","4JE","BS354JE"
1067453,"BS351PP","E01014962","9E89106B-829F-2C71-E053-A03BA40A7146","Playing Field",33031.7334500017,242.47061,1,33031,8.93298969072165,"Less than or equal to 300m",786.048303421053,33031.7334500017,1,33031,339.453608247423,"BS35 1PP","BS35","1PP","BS351PP"
1074509,"BS354JN","E01014953","9E89106B-E865-2C71-E053-A03BA40A7146","Playing Field",22544.7494999961,948.66064,1,22544,16.6299212598425,"900-1800m",811.041477401575,14624.6871074814,1.47244094488189,23124.5039370079,482.267716535433,"BS35 4JN","BS35","4JN","BS354JN"
1079574,"BS351DQ","E01014986","9E89106B-B1BE-2C71-E053-A03BA40A7146","Playing Field",33284.8018,55.97321,3,129740,12.5190839694657,"Less than or equal to 300m",223.350800885496,31440.1782114504,2.79389312977099,114874.541984733,2635.33409016767,"BS35 1DQ","BS35","1DQ","BS351DQ"
1079575,"BS352DD","E01014991","9E89106B-B259-2C71-E053-A03BA40A7146","Playing Field",24330.6510499999,413.01938,3,129740,15.5034013605442,"300-600m",345.670274904762,48548.3862091849,2.84353741496599,123622.034013605,7890.70968658573,"BS35 2DD","BS35","2DD","BS352DD"
1083796,"BS359TL","E01014986","9E89106B-B1BE-2C71-E053-A03BA40A7146","Playing Field",33284.8018,123.42204,3,129740,12.5190839694657,"Less than or equal to 300m",223.350800885496,31440.1782114504,2.79389312977099,114874.541984733,2635.33409016767,"BS35 9TL","BS35","9TL","BS359TL"
1087460,"BS352XF","E01014992","9E89106B-B259-2C71-E053-A03BA40A7146","Playing Field",24330.6510499999,971.0433,1,24330,27.7307692307692,"900-1800m",915.784045,24330.6510499999,1.11538461538462,31158.2692307692,7890.70968658573,"BS35 2XF","BS35","2XF","BS352XF"
1087461,"BS359TS","E01014986","9E89106B-B1BE-2C71-E053-A03BA40A7146","Playing Field",33284.8018,123.42204,3,129740,12.5190839694657,"Less than or equal to 300m",223.350800885496,31440.1782114504,2.79389312977099,114874.541984733,2635.33409016767,"BS35 9TS","BS35","9TS","BS359TS"
1090666,"BS353PR","E01014863","9E89106B-C859-2C71-E053-A03BA40A7146","Playing Field",25693.2959500003,499.12323,2,39411,15.8172043010753,"300-600m",382.732130419355,22216.7256951615,2,39411,1555.09597769813,"BS35 3PR","BS35","3PR","BS353PR"
1097947,"BS352FG","E01014991","9E89106B-B259-2C71-E053-A03BA40A7146","Playing Field",24330.6510499999,297.3567,3,129740,15.5034013605442,"Less than or equal to 300m",345.670274904762,48548.3862091849,2.84353741496599,123622.034013605,7890.70968658573,"BS35 2FG","BS35","2FG","BS352FG"
1097948,"BS353NW","E01014863","9E89106B-C74A-2C71-E053-A03BA40A7146","Playing Field",13718.4428500001,550.4807,2,39411,15.8172043010753,"300-600m",382.732130419355,22216.7256951615,2,39411,1047.13367712676,"BS35 3NW","BS35","3NW","BS353NW"
1101364,"BS351BE","E01014988","9E89106B-B259-2C71-E053-A03BA40A7146","Playing Field",24330.6510499999,118.11858,3,129740,27.5283018867924,"Less than or equal to 300m",559.775370113207,24330.6510499999,2.20754716981132,82843.9622641509,7890.70968658573,"BS35 1BE","BS35","1BE","BS351BE"
1101365,"BS353JR","E01014863","9E89106B-C74A-2C71-E053-A03BA40A7146","Playing Field",13718.4428500001,509.166,2,39411,15.8172043010753,"300-600m",382.732130419355,22216.7256951615,2,39411,1047.13367712676,"BS35 3JR","BS35","3JR","BS353JR"
1101366,"BS354DE","E01014963","9E89103D-AA3C-2C71-E053-A03BA40A7146","Playing Field",6733.95254999965,717.6071,1,6733,11.3291925465839,"600-900m",891.458052753968,9074.2370654758,2.97619047619048,41204.5634920635,917.664596273291,"BS35 4DE","BS35","4DE","BS354DE"
1105207,"BS352DN","E01014993","9E89106B-B259-2C71-E053-A03BA40A7146","Playing Field",24330.6510499999,831.86536,2,96455,18.9012345679012,"600-900m",1089.01577338983,22890.2455042374,1.06779661016949,27779.6949152542,7890.70968658573,"BS35 2DN","BS35","2DN","BS352DN"
1105208,"BS354PD","E01014953","9E89106B-E56E-2C71-E053-A03BA40A7146","Playing Field",20257.9126500041,400.6657,1,20257,16.6299212598425,"300-600m",811.041477401575,14624.6871074814,1.47244094488189,23124.5039370079,2307.08661417323,"BS35 4PD","BS35","4PD","BS354PD"
1106283,"BS353QW","E01014864","9E89106B-C859-2C71-E053-A03BA40A7146","Playing Field",25693.2959500003,756.6254,1,25693,13.6111111111111,"600-900m",394.070600096385,19843.9631415665,1.78313253012048,36501.9156626506,1555.09597769813,"BS35 3QW","BS35","3QW","BS353QW"
1109340,"BS351LZ","E01014985","9E89106B-B259-2C71-E053-A03BA40A7146","Playing Field",24330.6510499999,928.5413,1,24330,22.3692307692308,"900-1800m",701.496076615384,24881.6757115384,1.92307692307692,55054.6153846154,7890.70968658573,"BS35 1LZ","BS35","1LZ","BS351LZ"
1109937,"BS352YQ","E01014992","9E89106B-B259-2C71-E053-A03BA40A7146","Playing Field",24330.6510499999,830.95245,1,24330,27.7307692307692,"600-900m",915.784045,24330.6510499999,1.11538461538462,31158.2692307692,7890.70968658573,"BS35 2YQ","BS35","2YQ","BS352YQ"
1111684,"BS351TH","E01014985","9E89106B-B259-2C71-E053-A03BA40A7146","Playing Field",24330.6510499999,680.1676,2,57615,22.3692307692308,"600-900m",701.496076615384,24881.6757115384,1.92307692307692,55054.6153846154,7890.70968658573,"BS35 1TH","BS35","1TH","BS351TH"
1114535,"BS359SD","E01014986","9E89106B-B1BE-2C71-E053-A03BA40A7146","Playing Field",33284.8018,123.42204,3,129740,12.5190839694657,"Less than or equal to 300m",223.350800885496,31440.1782114504,2.79389312977099,114874.541984733,2635.33409016767,"BS35 9SD","BS35","9SD","BS359SD"
1120419,"BS351JH","E01014986","9E89106B-B259-2C71-E053-A03BA40A7146","Playing Field",24330.6510499999,422.29138,2,57615,12.5190839694657,"300-600m",223.350800885496,31440.1782114504,2.79389312977099,114874.541984733,7890.70968658573,"BS35 1JH","BS35","1JH","BS351JH"
1120420,"BS352FL","E01014991","9E89106B-B290-2C71-E053-A03BA40A7146","Playing Field",72124.9151000025,143.8402,3,129740,15.5034013605442,"Less than or equal to 300m",345.670274904762,48548.3862091849,2.84353741496599,123622.034013605,1200.31235394921,"BS35 2FL","BS35","2FL","BS352FL"
1120421,"BS352JD","E01014991","9E89106B-B259-2C71-E053-A03BA40A7146","Playing Field",24330.6510499999,104.388695,3,129740,15.5034013605442,"Less than or equal to 300m",345.670274904762,48548.3862091849,2.84353741496599,123622.034013605,7890.70968658573,"BS35 2JD","BS35","2JD","BS352JD"
1129999,"BS352BY","E01014991","9E89106B-B290-2C71-E053-A03BA40A7146","Playing Field",72124.9151000025,142.706,3,129740,15.5034013605442,"Less than or equal to 300m",345.670274904762,48548.3862091849,2.84353741496599,123622.034013605,1200.31235394921,"BS35 2BY","BS35","2BY","BS352BY"
1133755,"BS351HD","E01014986","9E89106B-B1BE-2C71-E053-A03BA40A7146","Playing Field",33284.8018,136.62357,3,129740,12.5190839694657,"Less than or equal to 300m",223.350800885496,31440.1782114504,2.79389312977099,114874.541984733,2635.33409016767,"BS35 1HD","BS35","1HD","BS351HD"
1133756,"BS352LR","E01014864","9E89106B-C74A-2C71-E053-A03BA40A7146","Playing Field",13718.4428500001,35.057095,2,39411,13.6111111111111,"Less than or equal to 300m",394.070600096385,19843.9631415665,1.78313253012048,36501.9156626506,1047.13367712676,"BS35 2LR","BS35","2LR","BS352LR"
1139782,"BS351AR","E01014987","9E89106B-B1BE-2C71-E053-A03BA40A7146","Playing Field",33284.8018,899.6499,1,33284,16.4111111111111,"600-900m",624.410508433333,33085.8206722222,2.06666666666667,69857.9555555556,2635.33409016767,"BS35 1AR","BS35","1AR","BS351AR"
1139783,"BS354JQ","E01014953","9E89106B-E865-2C71-E053-A03BA40A7146","Playing Field",22544.7494999961,65.76473,2,27338,16.6299212598425,"Less than or equal to 300m",811.041477401575,14624.6871074814,1.47244094488189,23124.5039370079,482.267716535433,"BS35 4JQ","BS35","4JQ","BS354JQ"
1139784,"BS359TH","E01014986","9E89106B-B1BE-2C71-E053-A03BA40A7146","Playing Field",33284.8018,123.42204,3,129740,12.5190839694657,"Less than or equal to 300m",223.350800885496,31440.1782114504,2.79389312977099,114874.541984733,2635.33409016767,"BS35 9TH","BS35","9TH","BS359TH"
1144462,"BS351EZ","E01014986","9E89106B-B1BE-2C71-E053-A03BA40A7146","Playing Field",33284.8018,269.00745,3,129740,12.5190839694657,"Less than or equal to 300m",223.350800885496,31440.1782114504,2.79389312977099,114874.541984733,2635.33409016767,"BS35 1EZ","BS35","1EZ","BS351EZ"
1147938,"BS352LA","E01014864","9E89106B-C74A-2C71-E053-A03BA40A7146","Playing Field",13718.4428500001,124.77981,2,39411,13.6111111111111,"Less than or equal to 300m",394.070600096385,19843.9631415665,1.78313253012048,36501.9156626506,1047.13367712676,"BS35 2LA","BS35","2LA","BS352LA"
1150571,"BS352JL","E01014990","9E89106B-B259-2C71-E053-A03BA40A7146","Playing Field",24330.6510499999,230.47125,3,129740,22.2923076923077,"Less than or equal to 300m",384.701363846154,24330.6510499999,2.58461538461538,103963.153846154,7890.70968658573,"BS35 2JL","BS35","2JL","BS352JL"
1150572,"BS353LY","E01014864","9E89106B-C74A-2C71-E053-A03BA40A7146","Playing Field",13718.4428500001,152.20053,2,39411,13.6111111111111,"Less than or equal to 300m",394.070600096385,19843.9631415665,1.78313253012048,36501.9156626506,1047.13367712676,"BS35 3LY","BS35","3LY","BS353LY"
1152677,"BS352AE","E01014991","9E89106B-B290-2C71-E053-A03BA40A7146","Playing Field",72124.9151000025,172.62677,3,129740,15.5034013605442,"Less than or equal to 300m",345.670274904762,48548.3862091849,2.84353741496599,123622.034013605,1200.31235394921,"BS35 2AE","BS35","2AE","BS352AE"
1154358,"BS354JX","E01014953","9E89106B-E865-2C71-E053-A03BA40A7146","Playing Field",22544.7494999961,228.47319,2,27338,16.6299212598425,"Less than or equal to 300m",811.041477401575,14624.6871074814,1.47244094488189,23124.5039370079,482.267716535433,"BS35 4JX","BS35","4JX","BS354JX"
1156273,"BS355SE","E01014861","9E89106B-F8CD-2C71-E053-A03BA40A7146","Playing Field",21992.6047999956,133.22537,1,21992,13.3037974683544,"Less than or equal to 300m",576.135319681818,22685.1836878792,1.59090909090909,66139.1818181818,305.98803946975,"BS35 5SE","BS35","5SE","BS355SE"
1160888,"BS352EG","E01014990","9E89106B-B259-2C71-E053-A03BA40A7146","Playing Field",24330.6510499999,171.0263,3,129740,22.2923076923077,"Less than or equal to 300m",384.701363846154,24330.6510499999,2.58461538461538,103963.153846154,7890.70968658573,"BS35 2EG","BS35","2EG","BS352EG"
1176532,"BS359ST","E01014986","9E89106B-B1BE-2C71-E053-A03BA40A7146","Playing Field",33284.8018,123.42204,3,129740,12.5190839694657,"Less than or equal to 300m",223.350800885496,31440.1782114504,2.79389312977099,114874.541984733,2635.33409016767,"BS35 9ST","BS35","9ST","BS359ST"
1186152,"BS351HB","E01014986","9E89106B-B1BE-2C71-E053-A03BA40A7146","Playing Field",33284.8018,93.230896,3,129740,12.5190839694657,"Less than or equal to 300m",223.350800885496,31440.1782114504,2.79389312977099,114874.541984733,2635.33409016767,"BS35 1HB","BS35","1HB","BS351HB"
1186153,"BS351JQ","E01014986","9E89106B-B259-2C71-E053-A03BA40A7146","Playing Field",24330.6510499999,272.23703,3,129740,12.5190839694657,"Less than or equal to 300m",223.350800885496,31440.1782114504,2.79389312977099,114874.541984733,7890.70968658573,"BS35 1JQ","BS35","1JQ","BS351JQ"
1186154,"BS353JQ","E01014864","9E89106B-C74A-2C71-E053-A03BA40A7146","Playing Field",13718.4428500001,254,2,39411,13.6111111111111,"Less than or equal to 300m",394.070600096385,19843.9631415665,1.78313253012048,36501.9156626506,1047.13367712676,"BS35 3JQ","BS35","3JQ","BS353JQ"
1188528,"BS359SS","E01014986","9E89106B-B1BE-2C71-E053-A03BA40A7146","Playing Field",33284.8018,123.42204,3,129740,12.5190839694657,"Less than or equal to 300m",223.350800885496,31440.1782114504,2.79389312977099,114874.541984733,2635.33409016767,"BS35 9SS","BS35","9SS","BS359SS"
1192635,"BS352EY","E01014992","9E89106B-B259-2C71-E053-A03BA40A7146","Playing Field",24330.6510499999,813.0744,1,24330,27.7307692307692,"600-900m",915.784045,24330.6510499999,1.11538461538462,31158.2692307692,7890.70968658573,"BS35 2EY","BS35","2EY","BS352EY"
1194253,"BS351AZ","E01014985","9E89106B-B259-2C71-E053-A03BA40A7146","Playing Field",24330.6510499999,587.20526,2,57615,22.3692307692308,"300-600m",701.496076615384,24881.6757115384,1.92307692307692,55054.6153846154,7890.70968658573,"BS35 1AZ","BS35","1AZ","BS351AZ"
1194254,"BS359TT","E01014986","9E89106B-B1BE-2C71-E053-A03BA40A7146","Playing Field",33284.8018,123.42204,3,129740,12.5190839694657,"Less than or equal to 300m",223.350800885496,31440.1782114504,2.79389312977099,114874.541984733,2635.33409016767,"BS35 9TT","BS35","9TT","BS359TT"
1196922,"BS353PH","E01014863","9E89106B-C859-2C71-E053-A03BA40A7146","Playing Field",25693.2959500003,493.22308,2,39411,15.8172043010753,"300-600m",382.732130419355,22216.7256951615,2,39411,1555.09597769813,"BS35 3PH","BS35","3PH","BS353PH"
1198017,"BS351BN","E01014987","9E89106B-B1BE-2C71-E053-A03BA40A7146","Playing Field",33284.8018,932.0086,1,33284,16.4111111111111,"900-1800m",624.410508433333,33085.8206722222,2.06666666666667,69857.9555555556,2635.33409016767,"BS35 1BN","BS35","1BN","BS351BN"
1198018,"BS354JJ","E01014953","9E89106B-E865-2C71-E053-A03BA40A7146","Playing Field",22544.7494999961,813.70575,1,22544,16.6299212598425,"600-900m",811.041477401575,14624.6871074814,1.47244094488189,23124.5039370079,482.267716535433,"BS35 4JJ","BS35","4JJ","BS354JJ"
1199849,"BS352DG","E01014991","9E89106B-B259-2C71-E053-A03BA40A7146","Playing Field",24330.6510499999,601.83887,3,129740,15.5034013605442,"600-900m",345.670274904762,48548.3862091849,2.84353741496599,123622.034013605,7890.70968658573,"BS35 2DG","BS35","2DG","BS352DG"
1201353,"BS351SU","E01014987","9E89106B-B1BE-2C71-E053-A03BA40A7146","Playing Field",33284.8018,816.20154,2,57615,16.4111111111111,"600-900m",624.410508433333,33085.8206722222,2.06666666666667,69857.9555555556,2635.33409016767,"BS35 1SU","BS35","1SU","BS351SU"
1204383,"BS351QA","E01014962","9E89106B-829F-2C71-E053-A03BA40A7146","Playing Field",33031.7334500017,175.54771,1,33031,8.93298969072165,"Less than or equal to 300m",786.048303421053,33031.7334500017,1,33031,339.453608247423,"BS35 1QA","BS35","1QA","BS351QA"
1206099,"BS354JW","E01014953","9E89106B-E865-2C71-E053-A03BA40A7146","Playing Field",22544.7494999961,974.9528,1,22544,16.6299212598425,"900-1800m",811.041477401575,14624.6871074814,1.47244094488189,23124.5039370079,482.267716535433,"BS35 4JW","BS35","4JW","BS354JW"
1207253,"BS351EA","E01014986","9E89106B-B259-2C71-E053-A03BA40A7146","Playing Field",24330.6510499999,489.97653,2,57615,12.5190839694657,"300-600m",223.350800885496,31440.1782114504,2.79389312977099,114874.541984733,7890.70968658573,"BS35 1EA","BS35","1EA","BS351EA"
1207254,"BS351HY","E01014987","9E89106B-B1BE-2C71-E053-A03BA40A7146","Playing Field",33284.8018,474.79785,2,57615,16.4111111111111,"300-600m",624.410508433333,33085.8206722222,2.06666666666667,69857.9555555556,2635.33409016767,"BS35 1HY","BS35","1HY","BS351HY"
1207255,"BS352XN","E01014991","9E89106B-B290-2C71-E053-A03BA40A7146","Playing Field",72124.9151000025,93.55747,3,129740,15.5034013605442,"Less than or equal to 300m",345.670274904762,48548.3862091849,2.84353741496599,123622.034013605,1200.31235394921,"BS35 2XN","BS35","2XN","BS352XN"
1213297,"BS353JE","E01014864","9E89106B-C74A-2C71-E053-A03BA40A7146","Playing Field",13718.4428500001,123.35721,2,39411,13.6111111111111,"Less than or equal to 300m",394.070600096385,19843.9631415665,1.78313253012048,36501.9156626506,1047.13367712676,"BS35 3JE","BS35","3JE","BS353JE"
1229875,"BS351JJ","E01014986","9E89106B-B1BE-2C71-E053-A03BA40A7146","Playing Field",33284.8018,343.20984,3,129740,12.5190839694657,"300-600m",223.350800885496,31440.1782114504,2.79389312977099,114874.541984733,2635.33409016767,"BS35 1JJ","BS35","1JJ","BS351JJ"
1229876,"BS352ER","E01014992","9E89106B-B259-2C71-E053-A03BA40A7146","Playing Field",24330.6510499999,607.14825,3,129740,27.7307692307692,"600-900m",915.784045,24330.6510499999,1.11538461538462,31158.2692307692,7890.70968658573,"BS35 2ER","BS35","2ER","BS352ER"
1240788,"BS353SE","E01014864","9E89106B-F3FA-2C71-E053-A03BA40A7146","Playing Field",26240.7313500006,993.2774,1,26240,13.6111111111111,"900-1800m",394.070600096385,19843.9631415665,1.78313253012048,36501.9156626506,283.390614216701,"BS35 3SE","BS35","3SE","BS353SE"
1243485,"BS351DF","E01014986","9E89106B-B259-2C71-E053-A03BA40A7146","Playing Field",24330.6510499999,222.4972,3,129740,12.5190839694657,"Less than or equal to 300m",223.350800885496,31440.1782114504,2.79389312977099,114874.541984733,7890.70968658573,"BS35 1DF","BS35","1DF","BS351DF"
1248550,"BS351DL","E01014986","9E89106B-B259-2C71-E053-A03BA40A7146","Playing Field",24330.6510499999,302.76395,3,129740,12.5190839694657,"300-600m",223.350800885496,31440.1782114504,2.79389312977099,114874.541984733,7890.70968658573,"BS35 1DL","BS35","1DL","BS351DL"
1249161,"BS353JJ","E01014863","9E89106B-C74A-2C71-E053-A03BA40A7146","Playing Field",13718.4428500001,437.78647,2,39411,15.8172043010753,"300-600m",382.732130419355,22216.7256951615,2,39411,1047.13367712676,"BS35 3JJ","BS35","3JJ","BS353JJ"
1251555,"BS352XE","E01014992","9E89106B-B259-2C71-E053-A03BA40A7146","Playing Field",24330.6510499999,994.6356,1,24330,27.7307692307692,"900-1800m",915.784045,24330.6510499999,1.11538461538462,31158.2692307692,7890.70968658573,"BS35 2XE","BS35","2XE","BS352XE"
1251556,"BS353RD","E01014863","9E89106B-C859-2C71-E053-A03BA40A7146","Playing Field",25693.2959500003,287.11148,2,39411,15.8172043010753,"Less than or equal to 300m",382.732130419355,22216.7256951615,2,39411,1555.09597769813,"BS35 3RD","BS35","3RD","BS353RD"
1252793,"BS354PQ","E01014954","9E89106B-E56E-2C71-E053-A03BA40A7146","Playing Field",20257.9126500041,242.5469,1,20257,36.1818181818182,"Less than or equal to 300m",259.732080681818,20257.9126500041,1,20257,2307.08661417323,"BS35 4PQ","BS35","4PQ","BS354PQ"
1276378,"BS354QB","E01014954","9E89106B-E56E-2C71-E053-A03BA40A7146","Playing Field",20257.9126500041,279.3027,1,20257,36.1818181818182,"Less than or equal to 300m",259.732080681818,20257.9126500041,1,20257,2307.08661417323,"BS35 4QB","BS35","4QB","BS354QB"
1281621,"BS351UE","E01014985","9E89106B-B259-2C71-E053-A03BA40A7146","Playing Field",24330.6510499999,796.85504,2,57615,22.3692307692308,"600-900m",701.496076615384,24881.6757115384,1.92307692307692,55054.6153846154,7890.70968658573,"BS35 1UE","BS35","1UE","BS351UE"
1283743,"BS351JB","E01014987","9E89106B-B1BE-2C71-E053-A03BA40A7146","Playing Field",33284.8018,590.52606,2,57615,16.4111111111111,"300-600m",624.410508433333,33085.8206722222,2.06666666666667,69857.9555555556,2635.33409016767,"BS35 1JB","BS35","1JB","BS351JB"
1285584,"BS351SJ","E01014987","9E89106B-B1BE-2C71-E053-A03BA40A7146","Playing Field",33284.8018,696.0208,2,57615,16.4111111111111,"600-900m",624.410508433333,33085.8206722222,2.06666666666667,69857.9555555556,2635.33409016767,"BS35 1SJ","BS35","1SJ","BS351SJ"
1287218,"BS351HU","E01014987","9E89106B-B1BE-2C71-E053-A03BA40A7146","Playing Field",33284.8018,384.8805,3,129740,16.4111111111111,"300-600m",624.410508433333,33085.8206722222,2.06666666666667,69857.9555555556,2635.33409016767,"BS35 1HU","BS35","1HU","BS351HU"
1287219,"BS359TP","E01014986","9E89106B-B1BE-2C71-E053-A03BA40A7146","Playing Field",33284.8018,123.42204,3,129740,12.5190839694657,"Less than or equal to 300m",223.350800885496,31440.1782114504,2.79389312977099,114874.541984733,2635.33409016767,"BS35 9TP","BS35","9TP","BS359TP"
1289949,"BS359SR","E01014986","9E89106B-B1BE-2C71-E053-A03BA40A7146","Playing Field",33284.8018,123.42204,3,129740,12.5190839694657,"Less than or equal to 300m",223.350800885496,31440.1782114504,2.79389312977099,114874.541984733,2635.33409016767,"BS35 9SR","BS35","9SR","BS359SR"
1292062,"BS352QX","E01014863","9E89106B-C859-2C71-E053-A03BA40A7146","Playing Field",25693.2959500003,28.653097,2,39411,15.8172043010753,"Less than or equal to 300m",382.732130419355,22216.7256951615,2,39411,1555.09597769813,"BS35 2QX","BS35","2QX","BS352QX"
1295773,"BS352AG","E01014991","9E89106B-B290-2C71-E053-A03BA40A7146","Playing Field",72124.9151000025,209.22954,3,129740,15.5034013605442,"Less than or equal to 300m",345.670274904762,48548.3862091849,2.84353741496599,123622.034013605,1200.31235394921,"BS35 2AG","BS35","2AG","BS352AG"
1296278,"BS354NT","E01014954","9E89106B-E56E-2C71-E053-A03BA40A7146","Playing Field",20257.9126500041,158.77657,1,20257,36.1818181818182,"Less than or equal to 300m",259.732080681818,20257.9126500041,1,20257,2307.08661417323,"BS35 4NT","BS35","4NT","BS354NT"
1300508,"BS351ER","E01014987","9E89106B-B1BE-2C71-E053-A03BA40A7146","Playing Field",33284.8018,80.21222,3,129740,16.4111111111111,"Less than or equal to 300m",624.410508433333,33085.8206722222,2.06666666666667,69857.9555555556,2635.33409016767,"BS35 1ER","BS35","1ER","BS351ER"
1306578,"BS355RR","E01014861","9E89106B-F8CD-2C71-E053-A03BA40A7146","Playing Field",21992.6047999956,488.0871,1,21992,13.3037974683544,"300-600m",576.135319681818,22685.1836878792,1.59090909090909,66139.1818181818,305.98803946975,"BS35 5RR","BS35","5RR","BS355RR"
1311771,"BS354ED","E01014963","9E89103D-AA3C-2C71-E053-A03BA40A7146","Playing Field",6733.95254999965,133.46161,6,102183,11.3291925465839,"Less than or equal to 300m",891.458052753968,9074.2370654758,2.97619047619048,41204.5634920635,917.664596273291,"BS35 4ED","BS35","4ED","BS354ED"
1316105,"BS353JW","E01014863","9E89106B-C74A-2C71-E053-A03BA40A7146","Playing Field",13718.4428500001,610.2368,2,39411,15.8172043010753,"600-900m",382.732130419355,22216.7256951615,2,39411,1047.13367712676,"BS35 3JW","BS35","3JW","BS353JW"
1319799,"BS351UL","E01014988","9E89106B-B259-2C71-E053-A03BA40A7146","Playing Field",24330.6510499999,699.0887,2,57615,27.5283018867924,"600-900m",559.775370113207,24330.6510499999,2.20754716981132,82843.9622641509,7890.70968658573,"BS35 1UL","BS35","1UL","BS351UL"
1323053,"BS351EH","E01014986","9E89106B-B1BE-2C71-E053-A03BA40A7146","Playing Field",33284.8018,123.42204,3,129740,12.5190839694657,"Less than or equal to 300m",223.350800885496,31440.1782114504,2.79389312977099,114874.541984733,2635.33409016767,"BS35 1EH","BS35","1EH","BS351EH"
1325844,"BS353JP","E01014863","9E89106B-C74A-2C71-E053-A03BA40A7146","Playing Field",13718.4428500001,616.1047,2,39411,15.8172043010753,"600-900m",382.732130419355,22216.7256951615,2,39411,1047.13367712676,"BS35 3JP","BS35","3JP","BS353JP"
1328394,"BS353RB","E01014863","9E89106B-C859-2C71-E053-A03BA40A7146","Playing Field",25693.2959500003,401.12466,2,39411,15.8172043010753,"300-600m",382.732130419355,22216.7256951615,2,39411,1555.09597769813,"BS35 3RB","BS35","3RB","BS353RB"
1330461,"BS351HX","E01014987","9E89106B-B1BE-2C71-E053-A03BA40A7146","Playing Field",33284.8018,429.79648,2,57615,16.4111111111111,"300-600m",624.410508433333,33085.8206722222,2.06666666666667,69857.9555555556,2635.33409016767,"BS35 1HX","BS35","1HX","BS351HX"
1335516,"BS352ED","E01014991","9E89106B-B259-2C71-E053-A03BA40A7146","Playing Field",24330.6510499999,457.43304,3,129740,15.5034013605442,"300-600m",345.670274904762,48548.3862091849,2.84353741496599,123622.034013605,7890.70968658573,"BS35 2ED","BS35","2ED","BS352ED"
1336807,"BS351SR","E01014987","9E89106B-B1BE-2C71-E053-A03BA40A7146","Playing Field",33284.8018,762.6906,2,57615,16.4111111111111,"600-900m",624.410508433333,33085.8206722222,2.06666666666667,69857.9555555556,2635.33409016767,"BS35 1SR","BS35","1SR","BS351SR"
1341940,"BS351EL","E01014987","9E89106B-B1BE-2C71-E053-A03BA40A7146","Playing Field",33284.8018,61.400326,3,129740,16.4111111111111,"Less than or equal to 300m",624.410508433333,33085.8206722222,2.06666666666667,69857.9555555556,2635.33409016767,"BS35 1EL","BS35","1EL","BS351EL"
1342534,"BS352EZ","E01014992","9E89106B-B259-2C71-E053-A03BA40A7146","Playing Field",24330.6510499999,906.74475,1,24330,27.7307692307692,"900-1800m",915.784045,24330.6510499999,1.11538461538462,31158.2692307692,7890.70968658573,"BS35 2EZ","BS35","2EZ","BS352EZ"
1343089,"BS354LT","E01014953","9E8911BC-B569-2C71-E053-A03BA40A7146","Public Park Or Garden",4793.66400000191,627.9785,2,27338,16.6299212598425,"600-900m",811.041477401575,14624.6871074814,1.47244094488189,23124.5039370079,848.125984251967,"BS35 4LT","BS35","4LT","BS354LT"
1343509,"BS352FP","E01014991","9E89106B-B290-2C71-E053-A03BA40A7146","Playing Field",72124.9151000025,209.6688,3,129740,15.5034013605442,"Less than or equal to 300m",345.670274904762,48548.3862091849,2.84353741496599,123622.034013605,1200.31235394921,"BS35 2FP","BS35","2FP","BS352FP"
1344702,"BS355RE","E01014861","9E89106B-F8CD-2C71-E053-A03BA40A7146","Playing Field",21992.6047999956,185.60712,1,21992,13.3037974683544,"Less than or equal to 300m",576.135319681818,22685.1836878792,1.59090909090909,66139.1818181818,305.98803946975,"BS35 5RE","BS35","5RE","BS355RE"
1345303,"BS353JH","E01014863","9E89106B-C74A-2C71-E053-A03BA40A7146","Playing Field",13718.4428500001,289.6636,2,39411,15.8172043010753,"Less than or equal to 300m",382.732130419355,22216.7256951615,2,39411,1047.13367712676,"BS35 3JH","BS35","3JH","BS353JH"
1345813,"BS354PN","E01014954","9E89106B-E56E-2C71-E053-A03BA40A7146","Playing Field",20257.9126500041,276.7255,1,20257,36.1818181818182,"Less than or equal to 300m",259.732080681818,20257.9126500041,1,20257,2307.08661417323,"BS35 4PN","BS35","4PN","BS354PN"
1347241,"BS352FQ","E01014988","9E89106B-B259-2C71-E053-A03BA40A7146","Playing Field",24330.6510499999,77.02597,3,129740,27.5283018867924,"Less than or equal to 300m",559.775370113207,24330.6510499999,2.20754716981132,82843.9622641509,7890.70968658573,"BS35 2FQ","BS35","2FQ","BS352FQ"
1347242,"BS353RW","E01014864","9E89106B-C859-2C71-E053-A03BA40A7146","Playing Field",25693.2959500003,178.31433,2,39411,13.6111111111111,"Less than or equal to 300m",394.070600096385,19843.9631415665,1.78313253012048,36501.9156626506,1555.09597769813,"BS35 3RW","BS35","3RW","BS353RW"
1353324,"BS353RN","E01014863","9E89106B-C859-2C71-E053-A03BA40A7146","Playing Field",25693.2959500003,508.063,2,39411,15.8172043010753,"300-600m",382.732130419355,22216.7256951615,2,39411,1555.09597769813,"BS35 3RN","BS35","3RN","BS353RN"
1353325,"BS354NN","E01014953","9E89106B-E56E-2C71-E053-A03BA40A7146","Playing Field",20257.9126500041,591.6384,3,47596,16.6299212598425,"300-600m",811.041477401575,14624.6871074814,1.47244094488189,23124.5039370079,2307.08661417323,"BS35 4NN","BS35","4NN","BS354NN"
1358438,"BS351JN","E01014986","9E89106B-B1BE-2C71-E053-A03BA40A7146","Playing Field",33284.8018,426.08566,2,57615,12.5190839694657,"300-600m",223.350800885496,31440.1782114504,2.79389312977099,114874.541984733,2635.33409016767,"BS35 1JN","BS35","1JN","BS351JN"
1362874,"BS352EB","E01014991","9E89106B-B259-2C71-E053-A03BA40A7146","Playing Field",24330.6510499999,374.45694,3,129740,15.5034013605442,"300-600m",345.670274904762,48548.3862091849,2.84353741496599,123622.034013605,7890.70968658573,"BS35 2EB","BS35","2EB","BS352EB"
1366649,"BS354BT","E01014963","9E89103D-AA3C-2C71-E053-A03BA40A7146","Playing Field",6733.95254999965,151.74321,5,75942,11.3291925465839,"Less than or equal to 300m",891.458052753968,9074.2370654758,2.97619047619048,41204.5634920635,917.664596273291,"BS35 4BT","BS35","4BT","BS354BT"
1366650,"BS354LW","E01014953","9E8911BC-B569-2C71-E053-A03BA40A7146","Public Park Or Garden",4793.66400000191,554.86664,2,27338,16.6299212598425,"300-600m",811.041477401575,14624.6871074814,1.47244094488189,23124.5039370079,848.125984251967,"BS35 4LW","BS35","4LW","BS354LW"
1369967,"BS351AY","E01014986","9E89106B-B259-2C71-E053-A03BA40A7146","Playing Field",24330.6510499999,520.17017,2,57615,12.5190839694657,"300-600m",223.350800885496,31440.1782114504,2.79389312977099,114874.541984733,7890.70968658573,"BS35 1AY","BS35","1AY","BS351AY"
1372845,"BS351HZ","E01014987","9E89106B-B1BE-2C71-E053-A03BA40A7146","Playing Field",33284.8018,494.82523,2,57615,16.4111111111111,"300-600m",624.410508433333,33085.8206722222,2.06666666666667,69857.9555555556,2635.33409016767,"BS35 1HZ","BS35","1HZ","BS351HZ"
1375279,"BS359SW","E01014986","9E89106B-B1BE-2C71-E053-A03BA40A7146","Playing Field",33284.8018,123.42204,3,129740,12.5190839694657,"Less than or equal to 300m",223.350800885496,31440.1782114504,2.79389312977099,114874.541984733,2635.33409016767,"BS35 9SW","BS35","9SW","BS359SW"
1382273,"BS351TA","E01014985","9E89106B-B259-2C71-E053-A03BA40A7146","Playing Field",24330.6510499999,621.8239,2,57615,22.3692307692308,"600-900m",701.496076615384,24881.6757115384,1.92307692307692,55054.6153846154,7890.70968658573,"BS35 1TA","BS35","1TA","BS351TA"
1383580,"BS359TF","E01014986","9E89106B-B1BE-2C71-E053-A03BA40A7146","Playing Field",33284.8018,123.42204,3,129740,12.5190839694657,"Less than or equal to 300m",223.350800885496,31440.1782114504,2.79389312977099,114874.541984733,2635.33409016767,"BS35 9TF","BS35","9TF","BS359TF"
1384660,"BS351SS","E01014987","9E89106B-B1BE-2C71-E053-A03BA40A7146","Playing Field",33284.8018,819.8939,2,57615,16.4111111111111,"600-900m",624.410508433333,33085.8206722222,2.06666666666667,69857.9555555556,2635.33409016767,"BS35 1SS","BS35","1SS","BS351SS"
1391318,"BS354QF","E01014953","9E8911BC-B569-2C71-E053-A03BA40A7146","Public Park Or Garden",4793.66400000191,51.351727,2,27338,16.6299212598425,"Less than or equal to 300m",811.041477401575,14624.6871074814,1.47244094488189,23124.5039370079,848.125984251967,"BS35 4QF","BS35","4QF","BS354QF"
1392203,"BS354HA","E01014953","9E8911BC-B569-2C71-E053-A03BA40A7146","Public Park Or Garden",4793.66400000191,677.0672,2,27338,16.6299212598425,"600-900m",811.041477401575,14624.6871074814,1.47244094488189,23124.5039370079,848.125984251967,"BS35 4HA","BS35","4HA","BS354HA"
1393870,"BS351UD","E01014985","9E89106B-B259-2C71-E053-A03BA40A7146","Playing Field",24330.6510499999,845.8989,2,57615,22.3692307692308,"600-900m",701.496076615384,24881.6757115384,1.92307692307692,55054.6153846154,7890.70968658573,"BS35 1UD","BS35","1UD","BS351UD"
1393871,"BS352HA","E01014991","9E89106B-B259-2C71-E053-A03BA40A7146","Playing Field",24330.6510499999,590.5904,3,129740,15.5034013605442,"300-600m",345.670274904762,48548.3862091849,2.84353741496599,123622.034013605,7890.70968658573,"BS35 2HA","BS35","2HA","BS352HA"
1393872,"BS353BA","E01014864","9E89106B-C74A-2C71-E053-A03BA40A7146","Playing Field",13718.4428500001,254.2066,2,39411,13.6111111111111,"Less than or equal to 300m",394.070600096385,19843.9631415665,1.78313253012048,36501.9156626506,1047.13367712676,"BS35 3BA","BS35","3BA","BS353BA"
1399993,"BS352DE","E01014991","9E89106B-B259-2C71-E053-A03BA40A7146","Playing Field",24330.6510499999,513.0663,3,129740,15.5034013605442,"300-600m",345.670274904762,48548.3862091849,2.84353741496599,123622.034013605,7890.70968658573,"BS35 2DE","BS35","2DE","BS352DE"
1399994,"BS359TW","E01014986","9E89106B-B1BE-2C71-E053-A03BA40A7146","Playing Field",33284.8018,123.42204,3,129740,12.5190839694657,"Less than or equal to 300m",223.350800885496,31440.1782114504,2.79389312977099,114874.541984733,2635.33409016767,"BS35 9TW","BS35","9TW","BS359TW"
1405250,"BS359TN","E01014986","9E89106B-B1BE-2C71-E053-A03BA40A7146","Playing Field",33284.8018,123.42204,3,129740,12.5190839694657,"Less than or equal to 300m",223.350800885496,31440.1782114504,2.79389312977099,114874.541984733,2635.33409016767,"BS35 9TN","BS35","9TN","BS359TN"
1409598,"BS353JL","E01014863","9E89106B-C74A-2C71-E053-A03BA40A7146","Playing Field",13718.4428500001,399.01,2,39411,15.8172043010753,"300-600m",382.732130419355,22216.7256951615,2,39411,1047.13367712676,"BS35 3JL","BS35","3JL","BS353JL"
1413363,"BS353PL","E01014863","9E89106B-C859-2C71-E053-A03BA40A7146","Playing Field",25693.2959500003,711.2081,2,39411,15.8172043010753,"600-900m",382.732130419355,22216.7256951615,2,39411,1555.09597769813,"BS35 3PL","BS35","3PL","BS353PL"
1416563,"BS352HN","E01014992","9E89106B-B259-2C71-E053-A03BA40A7146","Playing Field",24330.6510499999,879.1274,1,24330,27.7307692307692,"600-900m",915.784045,24330.6510499999,1.11538461538462,31158.2692307692,7890.70968658573,"BS35 2HN","BS35","2HN","BS352HN"
1421811,"BS352FS","E01014986","9E89106B-B290-2C71-E053-A03BA40A7146","Playing Field",72124.9151000025,183.04372,3,129740,12.5190839694657,"Less than or equal to 300m",223.350800885496,31440.1782114504,2.79389312977099,114874.541984733,1200.31235394921,"BS35 2FS","BS35","2FS","BS352FS"
1421812,"BS354JG","E01014953","9E89106B-E865-2C71-E053-A03BA40A7146","Playing Field",22544.7494999961,67.47592,2,27338,16.6299212598425,"Less than or equal to 300m",811.041477401575,14624.6871074814,1.47244094488189,23124.5039370079,482.267716535433,"BS35 4JG","BS35","4JG","BS354JG"
1423885,"BS351EW","E01014986","9E89106B-B1BE-2C71-E053-A03BA40A7146","Playing Field",33284.8018,82.13403,3,129740,12.5190839694657,"Less than or equal to 300m",223.350800885496,31440.1782114504,2.79389312977099,114874.541984733,2635.33409016767,"BS35 1EW","BS35","1EW","BS351EW"
1423886,"BS359SN","E01014986","9E89106B-B1BE-2C71-E053-A03BA40A7146","Playing Field",33284.8018,123.42204,3,129740,12.5190839694657,"Less than or equal to 300m",223.350800885496,31440.1782114504,2.79389312977099,114874.541984733,2635.33409016767,"BS35 9SN","BS35","9SN","BS359SN"
1427293,"BS353PJ","E01014863","9E89106B-C859-2C71-E053-A03BA40A7146","Playing Field",25693.2959500003,661.80963,2,39411,15.8172043010753,"600-900m",382.732130419355,22216.7256951615,2,39411,1555.09597769813,"BS35 3PJ","BS35","3PJ","BS353PJ"
1427294,"BS354EJ","E01014963","9E89103D-AA3C-2C71-E053-A03BA40A7146","Playing Field",6733.95254999965,491.07635,2,7643,11.3291925465839,"300-600m",891.458052753968,9074.2370654758,2.97619047619048,41204.5634920635,917.664596273291,"BS35 4EJ","BS35","4EJ","BS354EJ"
1428694,"BS354EH","E01014963","9E89103D-AA3C-2C71-E053-A03BA40A7146","Playing Field",6733.95254999965,273.4246,6,102183,11.3291925465839,"Less than or equal to 300m",891.458052753968,9074.2370654758,2.97619047619048,41204.5634920635,917.664596273291,"BS35 4EH","BS35","4EH","BS354EH"
1432139,"BS351LU","E01014985","9E89106B-B259-2C71-E053-A03BA40A7146","Playing Field",24330.6510499999,948.20306,2,57615,22.3692307692308,"900-1800m",701.496076615384,24881.6757115384,1.92307692307692,55054.6153846154,7890.70968658573,"BS35 1LU","BS35","1LU","BS351LU"
1433036,"BS351BG","E01014987","9E89106B-B1BE-2C71-E053-A03BA40A7146","Playing Field",33284.8018,961.5576,1,33284,16.4111111111111,"900-1800m",624.410508433333,33085.8206722222,2.06666666666667,69857.9555555556,2635.33409016767,"BS35 1BG","BS35","1BG","BS351BG"
1437956,"BS351UG","E01014985","9E89106B-B259-2C71-E053-A03BA40A7146","Playing Field",24330.6510499999,729.2544,2,57615,22.3692307692308,"600-900m",701.496076615384,24881.6757115384,1.92307692307692,55054.6153846154,7890.70968658573,"BS35 1UG","BS35","1UG","BS351UG"
1437957,"BS353LP","E01014864","9E89106B-C74A-2C71-E053-A03BA40A7146","Playing Field",13718.4428500001,193.84789,2,39411,13.6111111111111,"Less than or equal to 300m",394.070600096385,19843.9631415665,1.78313253012048,36501.9156626506,1047.13367712676,"BS35 3LP","BS35","3LP","BS353LP"
1438277,"BS351BT","E01014988","9E89106B-B259-2C71-E053-A03BA40A7146","Playing Field",24330.6510499999,965.3393,1,24330,27.5283018867924,"900-1800m",559.775370113207,24330.6510499999,2.20754716981132,82843.9622641509,7890.70968658573,"BS35 1BT","BS35","1BT","BS351BT"
1438567,"BS351RX","E01014962","9E89106B-829F-2C71-E053-A03BA40A7146","Playing Field",33031.7334500017,872.58984,1,33031,8.93298969072165,"600-900m",786.048303421053,33031.7334500017,1,33031,339.453608247423,"BS35 1RX","BS35","1RX","BS351RX"
1440495,"BS353QG","E01014863","9E89106B-C859-2C71-E053-A03BA40A7146","Playing Field",25693.2959500003,108.93117,2,39411,15.8172043010753,"Less than or equal to 300m",382.732130419355,22216.7256951615,2,39411,1555.09597769813,"BS35 3QG","BS35","3QG","BS353QG"
1446453,"BS352JQ","E01014990","9E89106B-B259-2C71-E053-A03BA40A7146","Playing Field",24330.6510499999,94.76286,3,129740,22.2923076923077,"Less than or equal to 300m",384.701363846154,24330.6510499999,2.58461538461538,103963.153846154,7890.70968658573,"BS35 2JQ","BS35","2JQ","BS352JQ"
1451494,"BS351AX","E01014985","9E89106B-B259-2C71-E053-A03BA40A7146","Playing Field",24330.6510499999,540.9344,2,57615,22.3692307692308,"300-600m",701.496076615384,24881.6757115384,1.92307692307692,55054.6153846154,7890.70968658573,"BS35 1AX","BS35","1AX","BS351AX"
1455876,"BS352JE","E01014990","9E89106B-B259-2C71-E053-A03BA40A7146","Playing Field",24330.6510499999,123.482796,3,129740,22.2923076923077,"Less than or equal to 300m",384.701363846154,24330.6510499999,2.58461538461538,103963.153846154,7890.70968658573,"BS35 2JE","BS35","2JE","BS352JE"
1462819,"BS351JU","E01014985","9E89106B-B259-2C71-E053-A03BA40A7146","Playing Field",24330.6510499999,653.89374,2,57615,22.3692307692308,"600-900m",701.496076615384,24881.6757115384,1.92307692307692,55054.6153846154,7890.70968658573,"BS35 1JU","BS35","1JU","BS351JU"
1462820,"BS352EH","E01014991","9E89106B-B259-2C71-E053-A03BA40A7146","Playing Field",24330.6510499999,305.36862,3,129740,15.5034013605442,"300-600m",345.670274904762,48548.3862091849,2.84353741496599,123622.034013605,7890.70968658573,"BS35 2EH","BS35","2EH","BS352EH"
1465513,"BS351AQ","E01014987","9E89106B-B1BE-2C71-E053-A03BA40A7146","Playing Field",33284.8018,971.31354,1,33284,16.4111111111111,"900-1800m",624.410508433333,33085.8206722222,2.06666666666667,69857.9555555556,2635.33409016767,"BS35 1AQ","BS35","1AQ","BS351AQ"
1473534,"BS351EX","E01014987","9E89106B-B1BE-2C71-E053-A03BA40A7146","Playing Field",33284.8018,198.59506,3,129740,16.4111111111111,"Less than or equal to 300m",624.410508433333,33085.8206722222,2.06666666666667,69857.9555555556,2635.33409016767,"BS35 1EX","BS35","1EX","BS351EX"
1473535,"BS353LQ","E01014864","9E89106B-C74A-2C71-E053-A03BA40A7146","Playing Field",13718.4428500001,164.50227,2,39411,13.6111111111111,"Less than or equal to 300m",394.070600096385,19843.9631415665,1.78313253012048,36501.9156626506,1047.13367712676,"BS35 3LQ","BS35","3LQ","BS353LQ"
1477422,"BS351PU","E01014962","9E89106B-829F-2C71-E053-A03BA40A7146","Playing Field",33031.7334500017,459.3147,1,33031,8.93298969072165,"300-600m",786.048303421053,33031.7334500017,1,33031,339.453608247423,"BS35 1PU","BS35","1PU","BS351PU"
1479340,"BS353LS","E01014864","9E89106B-C859-2C71-E053-A03BA40A7146","Playing Field",25693.2959500003,189.47559,2,39411,13.6111111111111,"Less than or equal to 300m",394.070600096385,19843.9631415665,1.78313253012048,36501.9156626506,1555.09597769813,"BS35 3LS","BS35","3LS","BS353LS"
1480139,"BS352BT","E01014991","9E89106B-B290-2C71-E053-A03BA40A7146","Playing Field",72124.9151000025,399.37076,3,129740,15.5034013605442,"300-600m",345.670274904762,48548.3862091849,2.84353741496599,123622.034013605,1200.31235394921,"BS35 2BT","BS35","2BT","BS352BT"
1480140,"BS354NL","E01014953","9E89106B-E56E-2C71-E053-A03BA40A7146","Playing Field",20257.9126500041,231.81242,1,20257,16.6299212598425,"Less than or equal to 300m",811.041477401575,14624.6871074814,1.47244094488189,23124.5039370079,2307.08661417323,"BS35 4NL","BS35","4NL","BS354NL"
1481497,"BS353RF","E01014863","9E89106B-C859-2C71-E053-A03BA40A7146","Playing Field",25693.2959500003,398.36163,2,39411,15.8172043010753,"300-600m",382.732130419355,22216.7256951615,2,39411,1555.09597769813,"BS35 3RF","BS35","3RF","BS353RF"
1482078,"BS353JF","E01014864","9E89106B-C74A-2C71-E053-A03BA40A7146","Playing Field",13718.4428500001,56.88585,2,39411,13.6111111111111,"Less than or equal to 300m",394.070600096385,19843.9631415665,1.78313253012048,36501.9156626506,1047.13367712676,"BS35 3JF","BS35","3JF","BS353JF"
1484928,"BS351AP","E01014987","9E89106B-B1BE-2C71-E053-A03BA40A7146","Playing Field",33284.8018,929.388,1,33284,16.4111111111111,"900-1800m",624.410508433333,33085.8206722222,2.06666666666667,69857.9555555556,2635.33409016767,"BS35 1AP","BS35","1AP","BS351AP"
1486163,"BS354BZ","E01014963","9E89103D-AA3C-2C71-E053-A03BA40A7146","Playing Field",6733.95254999965,396.91937,1,6733,11.3291925465839,"300-600m",891.458052753968,9074.2370654758,2.97619047619048,41204.5634920635,917.664596273291,"BS35 4BZ","BS35","4BZ","BS354BZ"
1487286,"BS353TJ","E01014993","9E89106B-C859-2C71-E053-A03BA40A7146","Playing Field",25693.2959500003,1692.8121,1,25693,18.9012345679012,"900-1800m",1089.01577338983,22890.2455042374,1.06779661016949,27779.6949152542,1555.09597769813,"BS35 3TJ","BS35","3TJ","BS353TJ"
1491799,"BS353RT","E01014864","9E89106B-F3FA-2C71-E053-A03BA40A7146","Playing Field",26240.7313500006,1296.3245,1,26240,13.6111111111111,"900-1800m",394.070600096385,19843.9631415665,1.78313253012048,36501.9156626506,283.390614216701,"BS35 3RT","BS35","3RT","BS353RT"
1491800,"BS353RY","E01014864","9E89106B-F3FA-2C71-E053-A03BA40A7146","Playing Field",26240.7313500006,1141.7609,1,26240,13.6111111111111,"900-1800m",394.070600096385,19843.9631415665,1.78313253012048,36501.9156626506,283.390614216701,"BS35 3RY","BS35","3RY","BS353RY"
1491802,"BS353RU","E01014864","9E89106B-F3FA-2C71-E053-A03BA40A7146","Playing Field",26240.7313500006,1311.1937,1,26240,13.6111111111111,"900-1800m",394.070600096385,19843.9631415665,1.78313253012048,36501.9156626506,283.390614216701,"BS35 3RU","BS35","3RU","BS353RU"
1491928,"BS353SF","E01014864","9E89106B-C859-2C71-E053-A03BA40A7146","Playing Field",25693.2959500003,1239.7911,1,25693,13.6111111111111,"900-1800m",394.070600096385,19843.9631415665,1.78313253012048,36501.9156626506,1555.09597769813,"BS35 3SF","BS35","3SF","BS353SF"
1493574,"BS353TA","E01014993","9E89106B-C859-2C71-E053-A03BA40A7146","Playing Field",25693.2959500003,2613.6443,1,25693,18.9012345679012,"Greater than 1800m",1089.01577338983,22890.2455042374,1.06779661016949,27779.6949152542,1555.09597769813,"BS35 3TA","BS35","3TA","BS353TA"
1493666,"BS354DJ","E01014953","9E89106B-F8CD-2C71-E053-A03BA40A7146","Playing Field",21992.6047999956,1626.2281,1,21992,16.6299212598425,"900-1800m",811.041477401575,14624.6871074814,1.47244094488189,23124.5039370079,305.98803946975,"BS35 4DJ","BS35","4DJ","BS354DJ"
1504695,"BS354JT","E01014953","9E89106B-F8CD-2C71-E053-A03BA40A7146","Playing Field",21992.6047999956,1199.3002,1,21992,16.6299212598425,"900-1800m",811.041477401575,14624.6871074814,1.47244094488189,23124.5039370079,305.98803946975,"BS35 4JT","BS35","4JT","BS354JT"
1509087,"BS351RJ","E01014962","9E89106B-829F-2C71-E053-A03BA40A7146","Playing Field",33031.7334500017,2177.213,1,33031,8.93298969072165,"Greater than 1800m",786.048303421053,33031.7334500017,1,33031,339.453608247423,"BS35 1RJ","BS35","1RJ","BS351RJ"
1509088,"BS351RY","E01014962","9E89106B-829F-2C71-E053-A03BA40A7146","Playing Field",33031.7334500017,1504.6255,1,33031,8.93298969072165,"900-1800m",786.048303421053,33031.7334500017,1,33031,339.453608247423,"BS35 1RY","BS35","1RY","BS351RY"
1511883,"BS353JU","E01014991","9E891083-80B4-2C71-E053-A03BA40A7146","Public Park Or Garden",42216.7485000028,1351.4366,1,42216,15.5034013605442,"900-1800m",345.670274904762,48548.3862091849,2.84353741496599,123622.034013605,15.5034013605442,"BS35 3JU","BS35","3JU","BS353JU"
1513699,"BS351RA","E01014987","9E89106B-B1BE-2C71-E053-A03BA40A7146","Playing Field",33284.8018,1046.1367,1,33284,16.4111111111111,"900-1800m",624.410508433333,33085.8206722222,2.06666666666667,69857.9555555556,2635.33409016767,"BS35 1RA","BS35","1RA","BS351RA"
1517982,"BS352HT","E01014993","9E89106B-B259-2C71-E053-A03BA40A7146","Playing Field",24330.6510499999,1046.7211,1,24330,18.9012345679012,"900-1800m",1089.01577338983,22890.2455042374,1.06779661016949,27779.6949152542,7890.70968658573,"BS35 2HT","BS35","2HT","BS352HT"
1517986,"BS352XB","E01014992","9E89106B-B259-2C71-E053-A03BA40A7146","Playing Field",24330.6510499999,1079.7823,1,24330,27.7307692307692,"900-1800m",915.784045,24330.6510499999,1.11538461538462,31158.2692307692,7890.70968658573,"BS35 2XB","BS35","2XB","BS352XB"
1517989,"BS352XH","E01014992","9E89106B-B259-2C71-E053-A03BA40A7146","Playing Field",24330.6510499999,1175.4595,1,24330,27.7307692307692,"900-1800m",915.784045,24330.6510499999,1.11538461538462,31158.2692307692,7890.70968658573,"BS35 2XH","BS35","2XH","BS352XH"
1517990,"BS352HU","E01014993","9E89106B-B259-2C71-E053-A03BA40A7146","Playing Field",24330.6510499999,1052.2357,1,24330,18.9012345679012,"900-1800m",1089.01577338983,22890.2455042374,1.06779661016949,27779.6949152542,7890.70968658573,"BS35 2HU","BS35","2HU","BS352HU"
1517991,"BS352XA","E01014992","9E89106B-B259-2C71-E053-A03BA40A7146","Playing Field",24330.6510499999,1139.7197,1,24330,27.7307692307692,"900-1800m",915.784045,24330.6510499999,1.11538461538462,31158.2692307692,7890.70968658573,"BS35 2XA","BS35","2XA","BS352XA"
1517994,"BS352HS","E01014993","9E89106B-B259-2C71-E053-A03BA40A7146","Playing Field",24330.6510499999,1032.3861,1,24330,18.9012345679012,"900-1800m",1089.01577338983,22890.2455042374,1.06779661016949,27779.6949152542,7890.70968658573,"BS35 2HS","BS35","2HS","BS352HS"
1517995,"BS352XD","E01014992","9E89106B-B259-2C71-E053-A03BA40A7146","Playing Field",24330.6510499999,1036.1685,1,24330,27.7307692307692,"900-1800m",915.784045,24330.6510499999,1.11538461538462,31158.2692307692,7890.70968658573,"BS35 2XD","BS35","2XD","BS352XD"
1518009,"BS354HB","E01014953","9E89106B-E865-2C71-E053-A03BA40A7146","Playing Field",22544.7494999961,1119.3757,1,22544,16.6299212598425,"900-1800m",811.041477401575,14624.6871074814,1.47244094488189,23124.5039370079,482.267716535433,"BS35 4HB","BS35","4HB","BS354HB"
1518010,"BS354HD","E01014953","9E89106B-E865-2C71-E053-A03BA40A7146","Playing Field",22544.7494999961,2326.4106,1,22544,16.6299212598425,"Greater than 1800m",811.041477401575,14624.6871074814,1.47244094488189,23124.5039370079,482.267716535433,"BS35 4HD","BS35","4HD","BS354HD"
1518011,"BS354HF","E01014953","9E89106B-E865-2C71-E053-A03BA40A7146","Playing Field",22544.7494999961,1673.5271,1,22544,16.6299212598425,"900-1800m",811.041477401575,14624.6871074814,1.47244094488189,23124.5039370079,482.267716535433,"BS35 4HF","BS35","4HF","BS354HF"
1518752,"BS354LZ","E01014953","9E89106B-E56E-2C71-E053-A03BA40A7146","Playing Field",20257.9126500041,1333.276,1,20257,16.6299212598425,"900-1800m",811.041477401575,14624.6871074814,1.47244094488189,23124.5039370079,2307.08661417323,"BS35 4LZ","BS35","4LZ","BS354LZ"
1518753,"BS354NB","E01014953","9E89106B-E56E-2C71-E053-A03BA40A7146","Playing Field",20257.9126500041,1270.8462,1,20257,16.6299212598425,"900-1800m",811.041477401575,14624.6871074814,1.47244094488189,23124.5039370079,2307.08661417323,"BS35 4NB","BS35","4NB","BS354NB"
1518755,"BS354ND","E01014953","9E89106B-E56E-2C71-E053-A03BA40A7146","Playing Field",20257.9126500041,1276.6492,1,20257,16.6299212598425,"900-1800m",811.041477401575,14624.6871074814,1.47244094488189,23124.5039370079,2307.08661417323,"BS35 4ND","BS35","4ND","BS354ND"
1518758,"BS354NA","E01014953","9E89106B-E56E-2C71-E053-A03BA40A7146","Playing Field",20257.9126500041,1266.1915,1,20257,16.6299212598425,"900-1800m",811.041477401575,14624.6871074814,1.47244094488189,23124.5039370079,2307.08661417323,"BS35 4NA","BS35","4NA","BS354NA"
1518761,"BS354NE","E01014953","9E89106B-E56E-2C71-E053-A03BA40A7146","Playing Field",20257.9126500041,1285.8947,1,20257,16.6299212598425,"900-1800m",811.041477401575,14624.6871074814,1.47244094488189,23124.5039370079,2307.08661417323,"BS35 4NE","BS35","4NE","BS354NE"
1518762,"BS354NF","E01014953","9E89106B-E56E-2C71-E053-A03BA40A7146","Playing Field",20257.9126500041,1347.6676,1,20257,16.6299212598425,"900-1800m",811.041477401575,14624.6871074814,1.47244094488189,23124.5039370079,2307.08661417323,"BS35 4NF","BS35","4NF","BS354NF"
1523814,"BS354GH","E01014953","9E89106B-E865-2C71-E053-A03BA40A7146","Playing Field",22544.7494999961,1693.704,1,22544,16.6299212598425,"900-1800m",811.041477401575,14624.6871074814,1.47244094488189,23124.5039370079,482.267716535433,"BS35 4GH","BS35","4GH","BS354GH"
1523816,"BS354JU","E01014953","9E89106B-E865-2C71-E053-A03BA40A7146","Playing Field",22544.7494999961,1290.0891,1,22544,16.6299212598425,"900-1800m",811.041477401575,14624.6871074814,1.47244094488189,23124.5039370079,482.267716535433,"BS35 4JU","BS35","4JU","BS354JU"
1525277,"BS353TH","E01014993","9E89106B-CA50-2C71-E053-A03BA40A7146","Playing Field",21590.2114500002,2148.421,1,21590,18.9012345679012,"Greater than 1800m",1089.01577338983,22890.2455042374,1.06779661016949,27779.6949152542,623.740740740741,"BS35 3TH","BS35","3TH","BS353TH"
1525279,"BS353TG","E01014993","9E89106B-CA50-2C71-E053-A03BA40A7146","Playing Field",21590.2114500002,2326.478,1,21590,18.9012345679012,"Greater than 1800m",1089.01577338983,22890.2455042374,1.06779661016949,27779.6949152542,623.740740740741,"BS35 3TG","BS35","3TG","BS353TG"
1525280,"BS353TQ","E01014993","9E89106B-CA50-2C71-E053-A03BA40A7146","Playing Field",21590.2114500002,2133.776,1,21590,18.9012345679012,"Greater than 1800m",1089.01577338983,22890.2455042374,1.06779661016949,27779.6949152542,623.740740740741,"BS35 3TQ","BS35","3TQ","BS353TQ"
1525283,"BS353AB","E01014993","9E89106B-CA50-2C71-E053-A03BA40A7146","Playing Field",21590.2114500002,1873.5912,1,21590,18.9012345679012,"Greater than 1800m",1089.01577338983,22890.2455042374,1.06779661016949,27779.6949152542,623.740740740741,"BS35 3AB","BS35","3AB","BS353AB"
1525284,"BS353TL","E01014993","9E89106B-CA50-2C71-E053-A03BA40A7146","Playing Field",21590.2114500002,1899.5815,1,21590,18.9012345679012,"Greater than 1800m",1089.01577338983,22890.2455042374,1.06779661016949,27779.6949152542,623.740740740741,"BS35 3TL","BS35","3TL","BS353TL"
1530895,"BS351AJ","E01014987","9E89106B-B1BE-2C71-E053-A03BA40A7146","Playing Field",33284.8018,1013.57043,1,33284,16.4111111111111,"900-1800m",624.410508433333,33085.8206722222,2.06666666666667,69857.9555555556,2635.33409016767,"BS35 1AJ","BS35","1AJ","BS351AJ"
1530896,"BS351AS","E01014987","9E89106B-B1BE-2C71-E053-A03BA40A7146","Playing Field",33284.8018,1040.5234,1,33284,16.4111111111111,"900-1800m",624.410508433333,33085.8206722222,2.06666666666667,69857.9555555556,2635.33409016767,"BS35 1AS","BS35","1AS","BS351AS"
1536709,"BS352HB","E01014993","9E89106B-B259-2C71-E053-A03BA40A7146","Playing Field",24330.6510499999,1032.6016,1,24330,18.9012345679012,"900-1800m",1089.01577338983,22890.2455042374,1.06779661016949,27779.6949152542,7890.70968658573,"BS35 2HB","BS35","2HB","BS352HB"
1536713,"BS353TZ","E01014988","9E89106B-B259-2C71-E053-A03BA40A7146","Playing Field",24330.6510499999,1125.7086,1,24330,27.5283018867924,"900-1800m",559.775370113207,24330.6510499999,2.20754716981132,82843.9622641509,7890.70968658573,"BS35 3TZ","BS35","3TZ","BS353TZ"
1536715,"BS352YB","E01014993","9E89106B-B259-2C71-E053-A03BA40A7146","Playing Field",24330.6510499999,1063.3273,1,24330,18.9012345679012,"900-1800m",1089.01577338983,22890.2455042374,1.06779661016949,27779.6949152542,7890.70968658573,"BS35 2YB","BS35","2YB","BS352YB"
1536717,"BS352HX","E01014993","9E89106B-B259-2C71-E053-A03BA40A7146","Playing Field",24330.6510499999,1113.3306,1,24330,18.9012345679012,"900-1800m",1089.01577338983,22890.2455042374,1.06779661016949,27779.6949152542,7890.70968658573,"BS35 2HX","BS35","2HX","BS352HX"
1536718,"BS352YA","E01014992","9E89106B-B259-2C71-E053-A03BA40A7146","Playing Field",24330.6510499999,1026.5457,1,24330,27.7307692307692,"900-1800m",915.784045,24330.6510499999,1.11538461538462,31158.2692307692,7890.70968658573,"BS35 2YA","BS35","2YA","BS352YA"
1545106,"BS354HG","E01014953","9E8911BC-B569-2C71-E053-A03BA40A7146","Public Park Or Garden",4793.66400000191,2070.359,1,4793,16.6299212598425,"Greater than 1800m",811.041477401575,14624.6871074814,1.47244094488189,23124.5039370079,848.125984251967,"BS35 4HG","BS35","4HG","BS354HG"
1545107,"BS354LY","E01014953","9E8911BC-B569-2C71-E053-A03BA40A7146","Public Park Or Garden",4793.66400000191,1162.0005,1,4793,16.6299212598425,"900-1800m",811.041477401575,14624.6871074814,1.47244094488189,23124.5039370079,848.125984251967,"BS35 4LY","BS35","4LY","BS354LY"
1545111,"BS354HE","E01014953","9E8911BC-B569-2C71-E053-A03BA40A7146","Public Park Or Garden",4793.66400000191,1757.4624,1,4793,16.6299212598425,"900-1800m",811.041477401575,14624.6871074814,1.47244094488189,23124.5039370079,848.125984251967,"BS35 4HE","BS35","4HE","BS354HE"
1545112,"BS354HW","E01014953","9E8911BC-B569-2C71-E053-A03BA40A7146","Public Park Or Garden",4793.66400000191,1919.0344,1,4793,16.6299212598425,"Greater than 1800m",811.041477401575,14624.6871074814,1.47244094488189,23124.5039370079,848.125984251967,"BS35 4HW","BS35","4HW","BS354HW"
1545113,"BS354LX","E01014953","9E8911BC-B569-2C71-E053-A03BA40A7146","Public Park Or Garden",4793.66400000191,1156.0225,1,4793,16.6299212598425,"900-1800m",811.041477401575,14624.6871074814,1.47244094488189,23124.5039370079,848.125984251967,"BS35 4LX","BS35","4LX","BS354LX"
1545700,"BS355SA","E01014953","9E89106B-E56E-2C71-E053-A03BA40A7146","Playing Field",20257.9126500041,1374.7556,1,20257,16.6299212598425,"900-1800m",811.041477401575,14624.6871074814,1.47244094488189,23124.5039370079,2307.08661417323,"BS35 5SA","BS35","5SA","BS355SA"
1545701,"BS354GG","E01014953","9E89106B-E56E-2C71-E053-A03BA40A7146","Playing Field",20257.9126500041,1455.9072,1,20257,16.6299212598425,"900-1800m",811.041477401575,14624.6871074814,1.47244094488189,23124.5039370079,2307.08661417323,"BS35 4GG","BS35","4GG","BS354GG"
1545703,"BS354DF","E01014953","9E89106B-E56E-2C71-E053-A03BA40A7146","Playing Field",20257.9126500041,1927.3365,1,20257,16.6299212598425,"Greater than 1800m",811.041477401575,14624.6871074814,1.47244094488189,23124.5039370079,2307.08661417323,"BS35 4DF","BS35","4DF","BS354DF"
1553796,"BS354BF","E01014963","9E891038-1DCF-2C71-E053-A03BA40A7146","Playing Field",24935.9454499992,3620.586,1,24935,11.3291925465839,"Greater than 1800m",891.458052753968,9074.2370654758,2.97619047619048,41204.5634920635,2096.64128431176,"BS35 4BF","BS35","4BF","BS354BF"
1553798,"BS354BD","E01014963","9E891038-1DCF-2C71-E053-A03BA40A7146","Playing Field",24935.9454499992,3744.2278,1,24935,11.3291925465839,"Greater than 1800m",891.458052753968,9074.2370654758,2.97619047619048,41204.5634920635,2096.64128431176,"BS35 4BD","BS35","4BD","BS354BD"
1553799,"BS354BG","E01014963","9E891038-1DCF-2C71-E053-A03BA40A7146","Playing Field",24935.9454499992,3407.5864,1,24935,11.3291925465839,"Greater than 1800m",891.458052753968,9074.2370654758,2.97619047619048,41204.5634920635,2096.64128431176,"BS35 4BG","BS35","4BG","BS354BG"
1553800,"BS354BL","E01014963","9E891038-1DCF-2C71-E053-A03BA40A7146","Playing Field",24935.9454499992,3156.255,1,24935,11.3291925465839,"Greater than 1800m",891.458052753968,9074.2370654758,2.97619047619048,41204.5634920635,2096.64128431176,"BS35 4BL","BS35","4BL","BS354BL"
1557973,"BS353UE","E01014988","9E89106B-B259-2C71-E053-A03BA40A7146","Playing Field",24330.6510499999,1460.6619,1,24330,27.5283018867924,"900-1800m",559.775370113207,24330.6510499999,2.20754716981132,82843.9622641509,7890.70968658573,"BS35 3UE","BS35","3UE","BS353UE"
1559513,"BS354NG","E01014953","9E89106B-E56E-2C71-E053-A03BA40A7146","Playing Field",20257.9126500041,1571.304,1,20257,16.6299212598425,"900-1800m",811.041477401575,14624.6871074814,1.47244094488189,23124.5039370079,2307.08661417323,"BS35 4NG","BS35","4NG","BS354NG"
1563867,"BS352PQ","E01014993","9E89106B-B259-2C71-E053-A03BA40A7146","Playing Field",24330.6510499999,1166.9875,1,24330,18.9012345679012,"900-1800m",1089.01577338983,22890.2455042374,1.06779661016949,27779.6949152542,7890.70968658573,"BS35 2PQ","BS35","2PQ","BS352PQ"
1563869,"BS352PX","E01014993","9E89106B-B259-2C71-E053-A03BA40A7146","Playing Field",24330.6510499999,1048.2137,1,24330,18.9012345679012,"900-1800m",1089.01577338983,22890.2455042374,1.06779661016949,27779.6949152542,7890.70968658573,"BS35 2PX","BS35","2PX","BS352PX"
1564261,"BS354BA","E01014963","9E89103D-AA3C-2C71-E053-A03BA40A7146","Playing Field",6733.95254999965,3624.498,1,6733,11.3291925465839,"Greater than 1800m",891.458052753968,9074.2370654758,2.97619047619048,41204.5634920635,917.664596273291,"BS35 4BA","BS35","4BA","BS354BA"
1564263,"BS354AU","E01014963","9E89103D-AA3C-2C71-E053-A03BA40A7146","Playing Field",6733.95254999965,3493.441,1,6733,11.3291925465839,"Greater than 1800m",891.458052753968,9074.2370654758,2.97619047619048,41204.5634920635,917.664596273291,"BS35 4AU","BS35","4AU","BS354AU"
1564266,"BS354AX","E01014963","9E89103D-AA3C-2C71-E053-A03BA40A7146","Playing Field",6733.95254999965,3317.7073,1,6733,11.3291925465839,"Greater than 1800m",891.458052753968,9074.2370654758,2.97619047619048,41204.5634920635,917.664596273291,"BS35 4AX","BS35","4AX","BS354AX"
1564267,"BS354AT","E01014963","9E89103D-AA3C-2C71-E053-A03BA40A7146","Playing Field",6733.95254999965,3434.5596,1,6733,11.3291925465839,"Greater than 1800m",891.458052753968,9074.2370654758,2.97619047619048,41204.5634920635,917.664596273291,"BS35 4AT","BS35","4AT","BS354AT"
1564269,"BS354AZ","E01014963","9E89103D-AA3C-2C71-E053-A03BA40A7146","Playing Field",6733.95254999965,3637.9666,1,6733,11.3291925465839,"Greater than 1800m",891.458052753968,9074.2370654758,2.97619047619048,41204.5634920635,917.664596273291,"BS35 4AZ","BS35","4AZ","BS354AZ"
1564271,"BS354AY","E01014963","9E89103D-AA3C-2C71-E053-A03BA40A7146","Playing Field",6733.95254999965,3475.2522,1,6733,11.3291925465839,"Greater than 1800m",891.458052753968,9074.2370654758,2.97619047619048,41204.5634920635,917.664596273291,"BS35 4AY","BS35","4AY","BS354AY"
1564273,"BS354BB","E01014963","9E89103D-AA3C-2C71-E053-A03BA40A7146","Playing Field",6733.95254999965,3524.167,1,6733,11.3291925465839,"Greater than 1800m",891.458052753968,9074.2370654758,2.97619047619048,41204.5634920635,917.664596273291,"BS35 4BB","BS35","4BB","BS354BB"
1564276,"BS354AR","E01014963","9E89103D-AA3C-2C71-E053-A03BA40A7146","Playing Field",6733.95254999965,3532.529,1,6733,11.3291925465839,"Greater than 1800m",891.458052753968,9074.2370654758,2.97619047619048,41204.5634920635,917.664596273291,"BS35 4AR","BS35","4AR","BS354AR"
1567804,"BS353TN","E01014993","9E89106B-CA50-2C71-E053-A03BA40A7146","Playing Field",21590.2114500002,1091.9291,1,21590,18.9012345679012,"900-1800m",1089.01577338983,22890.2455042374,1.06779661016949,27779.6949152542,623.740740740741,"BS35 3TN","BS35","3TN","BS353TN"
1568066,"BS351RH","E01014962","9E89106B-829F-2C71-E053-A03BA40A7146","Playing Field",33031.7334500017,1894.4501,1,33031,8.93298969072165,"Greater than 1800m",786.048303421053,33031.7334500017,1,33031,339.453608247423,"BS35 1RH","BS35","1RH","BS351RH"
1568067,"BS351RU","E01014962","9E89106B-829F-2C71-E053-A03BA40A7146","Playing Field",33031.7334500017,1287.4447,1,33031,8.93298969072165,"900-1800m",786.048303421053,33031.7334500017,1,33031,339.453608247423,"BS35 1RU","BS35","1RU","BS351RU"
1568069,"BS351RG","E01014962","9E89106B-829F-2C71-E053-A03BA40A7146","Playing Field",33031.7334500017,1699.1954,1,33031,8.93298969072165,"900-1800m",786.048303421053,33031.7334500017,1,33031,339.453608247423,"BS35 1RG","BS35","1RG","BS351RG"
